[0;34;40m::::::::::::::::::::::::::::::::::::::::::::::::::::::::::::[0m
[0;34;40m::::::::::::::::::::::::::::::::::::::::::::::::::::::::::::[0m
[0;34;40m::::::::::::::::::::::::::::::;t[0;32;40m;[0;34;40m;::::::::::::::::::::::::::[0m
[0;34;40m::::::::::::::::::::::::::;:[0;31;40m:[0;36;5;40;100m.[0;37;5;47;107mt[0;37;5;46;106mX[0;1;30;90;46m8[0;34;40mt[0;31;40m.[0;34;40m;:::::::::::::::::::::::.[0m
[0;34;40m:::::::::::::::::::::::::.[0;31;40m:[0;36;5;40;100m [0;1;37;97;47mX[0;37;5;47;107m. [0;1;36;96;47m@[0;37;5;46;106mS[0;36;5;46;106mX[0;36;5;40;100m@[0;34;40m%[0;32;40m:[0;34;40m;::::::::::::::::::::::[0m
[0;34;40m:::::::::::::::::::::::[0;32;40m;[0;35;5;40;100m [0;1;37;97;47mt[0;37;5;47;107m8 .  [0;37;5;46;106m8X@S[0;36;5;46;106mt[0;1;30;90;46m8@[0;34;40m8[0;32;40m;[0;34;40m;:::::::::::::::::::[0m
[0;34;40m::::::::::::::::::::;[0;32;40m.[0;1;30;90;40m@[0;1;30;90;47m.[0;37;5;47;107m ..    [0;37;5;46;106m8@SX@XX[0;1;36;96;46mS[0;34;5;40;100m@[0;32;40m.[0;34;40m:;:::::::::::::::::[0m
[0;34;40m:::::::::::::::::::[0;32;40m:[0;36;5;40;100mS[0;1;30;90;47m%[0;1;37;97;47m8[0;37;5;47;107m ::::   [0;37;5;46;106m888X[0;36;5;46;106m [0;37;5;46;106m@X@[0;36;5;46;106m:[0;1;30;90;46m88[0;34;40m%[0;32;40m:[0;34;40m;:::::::::::::::[0m
[0;34;40m::::::::::::::::[0;32;40m;[0;36;5;40;100mX[0;1;30;90;47mS[0;1;37;97;47m8[0;37;5;47;107m;[0;37;5;46;106m;[0;37;5;47;107m:[0;37;5;46;106mt[0;37;5;47;107mt[0;1;37;97;47m8[0;37;5;47;107m    .[0;37;5;46;106mX88888[0;1;34;94;5;46;106m8[0;37;5;46;106m8@XSX[0;1;30;90;46m8@[0;34;40m%[0;32;40m:[0;34;40m;::::::::::::[0m
[0;34;40m::::::::::::::[0;32;40m.[0;35;5;40;100m%[0;1;37;97;47m.[0;37;5;47;107m:[0;1;37;97;47m8[0;1;37;97;5;46;106m8[0;37;5;47;107mtt[0;37;5;46;106mt[0;37;5;47;107mt:[0;1;37;97;5;46;106m8[0;37;5;47;107mt: :[0;1;36;96;47mS[0;37;5;46;106m88[0;1;37;97;5;46;106m@[0;37;5;46;106m8888@S[0;36;5;46;106m [0;37;5;46;106m8[0;36;5;46;106m [0;37;5;46;106m@88[0;36;5;40;100m8[0;34;40m.:::::::::::.[0m
[0;34;40m:::::::::::::[0;31;40m:[0;37;5;40;100m8[0;37;5;47;107mS.  :[0;37;5;46;106m;[0;37;5;47;107m;ttt%[0;37;5;46;106m@[0;36;5;46;106mX[0;1;36;96;46m@X[0;36;5;46;106m%[0;1;34;94;46m8[0;36;5;46;106m.[0;36;5;44;104m;[0;36;5;46;106m [0;37;5;46;106m88888[0;1;34;94;5;46;106m8[0;1;36;96;47m8[0;37;5;46;106m88888[0;1;36;96;46m%[0;30;5;40;100m8[0;34;40m:::::::::::[0m
[0;34;40m::::::::::[0;32;40m.[0;1;30;90;40m8[0;1;30;90;46m8[0;1;36;96;47mS[0;1;37;97;47m8[0;37;5;46;106m8[0;1;37;97;47m8[0;37;5;46;106m;[0;37;5;47;107m;[0;1;36;96;47mS[0;37;5;47;107m [0;37;5;46;106m.[0;1;37;97;47m8[0;36;5;46;106mt8[0;1;36;96;46m8@S[0;36;5;46;106mt[0;1;34;94;46m8[0;36;5;46;106mS[0;1;36;96;46m;[0;36;5;46;106mt[0;1;36;96;46mt:[0;1;34;94;5;46;106m8[0;36;5;46;106m.[0;36;5;44;104m.[0;37;5;46;106mS[0;36;5;46;106m;[0;36;5;40;100m [0;36;5;44;104m:[0;37;46m@[0;1;36;96;46m.[0;36;5;46;106m.[0;1;34;94;46m8[0;36;47m8[0;36;5;46;106mt[0;1;30;90;46m8@[0;30;44m8[0;32;40m;[0;34;40m;:::::::[0m
[0;34;40m:::::::::;:[0;30;44m8[0;1;30;90;46mS[0;36;5;46;106m:[0;1;36;96;46mt[0;36;5;46;106mt[0;1;36;96;46m.[0;37;5;46;106mXX:S%X[0;1;36;96;46mtS[0;36;5;46;106m%[0;1;36;96;46m.[0;36;5;46;106m:[0;1;34;94;46m8[0;36;5;46;106m@[0;1;36;96;46m;[0;36;5;46;106m.[0;1;34;94;46m8[0;36;5;46;106m;[0;1;36;96;46m.[0;36;5;46;106m:[0;1;34;94;46m8[0;36;5;46;106m@[0;1;36;96;46mt[0;1;34;94;46m8[0;34;46m8[0;1;30;90;46mS[0;36;44mX[0;1;30;90;44mSX[0;34;46m@88[0;1;34;94;46m8[0;34;46mS[0;1;30;90;44m8[0;32;40m.[0;34;40m::::::::[0m
[0;34;40m::::::::::[0;32;40m:t[0;34;40mX8[0;1;36;96;46m;[0;36;5;46;106m;[0;1;34;94;46m8[0;36;5;46;106mt[0;1;36;96;46m;[0;37;5;46;106mX8888[0;36;5;46;106m;[0;1;34;94;46m8[0;36;5;46;106m;[0;1;34;94;46m8[0;36;5;46;106mX[0;1;36;96;46m;[0;36;5;46;106m:[0;1;34;94;46m8[0;36;5;46;106mX[0;1;34;94;46m8[0;36;5;46;106m:[0;1;34;94;46m8[0;36;5;46;106m@[0;1;36;96;46m%[0;1;30;90;46mX[0;36;44m8[0;1;30;90;44m8[0;36;44mX[0;34;46m88XSX%[0;1;30;90;44m8[0;32;40m:.[0;34;40m:::::::::[0m
[0;34;40m::::::::::;;:tX[0;1;30;90;46mt[0;1;36;96;46m:;[0;36;5;46;106m [0;1;34;94;46m8[0;36;5;46;106m:[0;1;36;96;47m8[0;37;5;47;107m88[0;1;36;96;47mX[0;36;5;46;106m.[0;1;36;96;46m.[0;36;5;46;106m:[0;1;36;96;46m:[0;36;5;46;106m [0;1;34;94;46m8[0;36;5;46;106m%[0;1;36;96;46m:[0;36;5;46;106m;[0;1;34;94;46m8[0;36;5;46;106m@[0;1;36;96;46m.[0;34;46mX[0;36;44m@88[0;1;30;90;46m.[0;34;46m8XSS8[0;30;44m8[0;32;40m%[0;34;40m;::::::::::[0m
[0;34;40m:::::::::::::[0;32;40m:[0;34;40mt:[0;1;30;90;44m8[0;1;36;96;46mt:[0;36;5;46;106m.[0;1;34;94;46m8[0;1;36;96;46mt[0;36;5;46;106m [0;37;5;47;107m@%[0;1;37;97;47m8[0;36;5;46;106m [0;1;36;96;46m:[0;37;5;46;106m8@@[0;1;36;96;46m;[0;36;5;46;106m.[0;1;34;94;46m8[0;36;5;46;106m@[0;1;36;96;46m;[0;34;46m8[0;36;44mX[0;34;46m8[0;1;30;90;46m%[0;34;46m88S%%[0;1;30;90;44m8[0;32;40m:[0;34;40m;;:::::::::::[0m
[0;34;40m:::::::::::::;:.;[0;30;44m8[0;1;30;90;44mX[0;1;30;90;46m;[0;36;5;46;106m.[0;1;34;94;46m8[0;36;5;46;106mt[0;37;5;46;106m8[0;37;5;47;107m;[0;37;5;46;106m%[0;1;37;97;47mS[0;36;5;46;106m [0;37;5;46;106mX[0;1;34;94;5;46;106m@[0;37;5;46;106mX[0;36;5;46;106m [0;1;34;94;46m8[0;1;36;96;46mXt;[0;34;46m8[0;1;30;90;44mS[0;36;44m@8[0;1;30;90;46m:[0;34;46m8S[0;36;44m8[0;34;40mS[0;32;40m;[0;34;40m;:::::::::::::[0m
[0;34;40m:::::::::::::::::[0;32;40m:[0;34;40m%@[0;34;5;40;100mX[0;1;30;90;46m [0;1;36;96;46mt[0;36;5;46;106m.;[0;37;5;47;107m8S[0;37;5;46;106m8@S[0;36;5;46;106m [0;36;5;44;104mS[0;36;5;46;106m8[0;1;36;96;46mt[0;1;34;94;46m8[0;34;46mX[0;36;44m@[0;1;30;90;46mt[0;34;46m8X8[0;1;30;90;44m8[0;32;40mt[0;34;40m;:;::::::::::::::[0m
[0;34;40m:::::::::::::::::;[0;32;40m:[0;34;40m;:t[0;1;30;90;44m@[0;1;30;90;46m@[0;36;5;46;106m [0;1;36;96;46m:[0;37;5;47;107m%%[0;37;5;46;106mSS@[0;1;36;96;46m%t[0;36;5;46;106m:[0;1;30;90;44m8[0;36;44m@[0;34;46m8XS[0;1;30;90;44m8[0;32;40m:.[0;34;40mt:::::::::::::::::[0m
[0;34;40m:::::::::::::::::::::::[0;30;44m8[0;34;5;40;100m8[0;1;36;96;46mt[0;36;5;46;106m [0;37;5;47;107m88[0;37;5;46;106mSX[0;36;5;46;106m [0;36;5;44;104mS[0;1;30;90;46mX[0;36;44m%[0;1;30;90;46mt[0;36;44m8[0;1;30;90;44m8[0;32;40mt[0;34;40m.::::::::::::::::::::[0m
[0;34;40m:::::::::::::::::::::::[0;32;40m:[0;34;40m%S[0;1;30;90;46m@[0;36;5;46;106m;[0;37;5;46;106m8[0;1;37;97;47m%[0;37;5;46;106m8[0;1;34;94;46m8[0;1;30;90;46m8[0;34;46m88[0;1;30;90;44m8[0;32;40mt.[0;34;40m;:::::::::::::::::::::[0m
[0;34;40m::::::::::::::::::.::::;:;;;[0;1;30;90;46m8[0;37;5;46;106m8[0;37;5;47;107m.[0;1;36;96;46mt[0;1;34;94;46m8[0;1;30;90;46m%[0;34;40m; ;:::::::.:::::::::::::::[0m
[0;34;40m:::::::::::::::t@[0;30;5;40;100mX[0;34;40m8[0;30;44m8[0;1;30;90;46m:[0;30;44m8[0;1;30;90;46m:[0;30;44m8[0;1;30;90;46m:[0;30;44m8[0;1;30;90;44m8[0;36;44m@[0;1;30;90;44m8[0;34;46m8[0;36;47m@[0;1;30;90;46m8[0;1;30;90;44mX[0;34;40m8[0;34;46m8[0;36;44m888[0;1;30;90;40m8[0;34;46m8[0;36;44m8[0;34;40m8[0;1;30;90;46m:[0;34;40m@XSS[0;32;40m;[0;34;40m;:::::::::::[0m
[0;34;40m:::::::::::::::[0;32;40m:[0;34;40m;[0;32;40m:t:[0;34;40m .[0;31;40m [0;34;40m.S[0;32;40m@[0;34;40m@[0;32;40mX[0;34;40m88[0;30;44m8[0;34;40m@[0;32;40m8[0;30;44m8[0;32;40m@%%[0;34;40mX[0;32;40mS[0;34;40m.[0;32;40m::[0;34;40m.[0;32;40m:;[0;34;40mt[0;32;40m;[0;34;40m;::::::::::::[0m
[0;34;40m:::::::::::::::;:t;;::::;t;t[0;32;40mtt[0;34;40m;;t[0;32;40mt[0;34;40mSt;;t::::;;:;:::::::::::::[0m
