[0;34;40m.:.:.:..:..:..:.:.:.:..:.:.:.:...:.:.:.:..:..:..:..:..:.:.:.[0m
[0;34;40m....:.:..:..:...:..:.:..:..:..::.:..:.:.:.:.:.:.:.:.:..:...:[0m
[0;34;40m.:.:...:.:.:.::..:......t[0;1;30;90;40mS[0;34;40m..:...:;[0;32;40m:[0;34;40m:..:....:...:...:.:..::..[0m
[0;34;40m.:..:.:.:..:...:..:.[0;34;5;40;100mS[0;1;30;90;47m%[0;1;30;90;40m8[0;32;40m.[0;1;30;90;40m8[0;34;40mt[0;31;40m.[0;34;40m:.:..;[0;33;5;40;100m [0;34;40m:::.:[0;31;40m.[0;36;5;40;100mS[0;30;5;40;100m8[0;31;40m [0;34;40m:.:.:.:..:.:...:.[0m
[0;34;40m..:..:...:.[0;32;40m.[0;35;5;40;100m:[0;1;30;90;40m8[0;34;40m.:.:.[0;32;40m.[0;1;30;90;40m@[0;33;5;40;100m [0;1;30;90;40mX[0;34;40m:.[0;31;40m:[0;34;40m:[0;32;40m.[0;34;40m:..:[0;31;40m;[0;34;40m;[0;1;30;90;40mXX[0;34;40m.[0;31;40m.[0;34;40m.[0;31;40m;[0;35;5;40;100m  [0;34;40m;[0;31;40m:[0;34;40m:.:..:.:..:.:.:.[0m
[0;34;40m.:.:..:[0;1;30;90;40m8[0;34;40m..:.[0;1;30;90;40mS[0;34;40m;[0;32;40m:[0;34;40m:....[0;31;40m:[0;34;40m;[0;32;40mt[0;30;5;40;100m8X[0;33;5;40;100m;[0;35;5;40;100m;;[0;1;30;90;41m@[0;35;5;40;100m:[0;1;30;90;47mt;[0;35;5;40;100mt[0;33;5;40;100m [0;35;47mS[0;1;33;93;47m%[0;1;30;90;47m8[0;35;5;40;100m@[0;31;5;40;100m8[0;34;40m.;;[0;31;40m:[0;34;40m:.:[0;1;30;90;40m@[0;34;40m.:...:..:...:[0m
[0;34;40m.:.:.;[0;37;5;40;100m@[0;1;37;97;47mX[0;36;5;40;100m [0;34;40m::.[0;32;40m.[0;31;40m.[0;34;40m.t[0;31;40m;[0;30;5;40;100m@[0;37;5;40;100m8[0;1;37;97;47mS%[0;35;5;40;100m [0;1;37;97;47m   [0;1;31;91;47m@@[0;37;5;41;101m8[0;1;31;91;47m8[0;35;5;40;100m8[0;30;41m@[0;35;41m%[0;1;30;90;41mt[0;30;41m8[0;31;40mX%t[0;1;30;90;41mX[0;35;5;40;100m%[0;31;40m.:[0;32;40m:[0;34;40m;[0;32;40m.[0;34;40mt[0;1;30;90;47m8[0;1;37;97;47mX[0;36;5;40;100m;[0;31;40m [0;34;40m.::.:..::..[0m
[0;34;40m..:...;[0;30;5;40;100m@[0;34;40m;[0;32;40m.[0;31;40mS[0;1;30;90;41m8[0;1;30;90;45m8[0;1;30;90;47m8[0;33;47mX[0;1;37;97;47m [0;35;47m@[0;35;5;40;100mt[0;31;5;40;100m8[0;35;5;40;100mX[0;31;5;40;100m@[0;1;30;90;41m@[0;35;41m%t[0;1;30;90;41mt[0;30;41m@[0;31;40m8%;:[0;34;40m::;;%[0;31;40mt[0;34;40m:[0;1;30;90;41m8[0;33;5;40;100mS[0;31;40m:[0;34;40m::::[0;32;40m:[0;34;40m;[0;30;5;40;100m8[0;34;40m .:..:.:...:.[0m
[0;34;40m.:.:.:[0;32;40m.[0;34;40m:::[0;1;30;90;41m@[0;31;45m8[0;1;31;91;41m%[0;35;41mSt[0;31;40m@XS[0;34;40m.[0;31;40m:[0;34;40mt%[0;1;30;90;40m@X8[0;34;5;40;100m8@[0;1;30;90;40m8[0;34;5;40;100m8[0;1;30;90;40mX[0;34;5;40;100mX[0;36;5;40;100mtt[0;30;5;40;100m8[0;1;30;90;40m8[0;30;5;40;100m8[0;34;40m:[0;1;30;90;41m@[0;35;5;40;100m8[0;31;40m:.[0;34;40m:.::[0;31;40m.[0;34;40m::.:.:..::.:.:[0m
[0;34;40m..:..::[0;31;40m.[0;34;40m:[0;31;40m.[0;1;30;90;41m%[0;31;45m8[0;35;41m8[0;1;30;90;41m8[0;30;41m8[0;34;40m@[0;30;5;40;100m@[0;36;5;40;100mX[0;35;5;40;100m%[0;34;5;40;100m@[0;32;5;40;100mS[0;34;5;40;100m8[0;30;5;40;100m8[0;36;5;40;100m%[0;34;5;40;100m8[0;1;30;90;40m8[0;34;5;40;100m8[0;32;40m;[0;30;5;40;100m8[0;1;30;90;40m8[0;35;5;40;100m:[0;34;40m@[0;30;5;40;100m8[0;1;30;90;47m@[0;36;5;40;100m:[0;34;40m8:[0;1;30;90;41m88[0;31;40m;[0;34;40m::[0;31;40m.[0;34;40m:.:....:..:[0;31;40m.[0;34;40m:..:.[0m
[0;34;40m.:.:..::[0;31;40m:[0;34;40m:[0;1;30;90;41m%[0;31;45m8[0;35;41m@[0;1;30;90;41m@[0;35;5;40;100m8[0;36;5;40;100m8[0;30;5;40;100m8[0;34;5;40;100m8[0;36;5;40;100m%[0;31;40m;[0;34;40mX[0;1;30;90;40m8[0;36;5;40;100m;[0;34;5;40;100m8[0;1;30;90;47mXS[0;30;5;40;100mS[0;34;40m%[0;35;5;40;100m@[0;1;30;90;47m8[0;35;5;40;100m;[0;1;30;90;41m8[0;35;5;40;100m;;S[0;1;30;90;41m8[0;35;5;40;100m8[0;1;30;90;41m8[0;35;5;40;100mt[0;1;30;90;41m8[0;32;40mt[0;34;40m;[0;31;40m.[0;34;40m.:.:.:..:.::[0;32;40m.[0;34;40m:..:[0m
[0;34;40m....:..::.[0;1;30;90;41m%[0;31;45m8[0;35;41m@[0;1;30;90;41mX[0;31;5;40;100mS[0;36;5;40;100mt[0;30;5;40;100m8[0;35;5;40;100m@[0;31;5;40;100m8[0;37;5;40;100mX[0;35;5;40;100m%@[0;1;30;90;41mX@[0;31;5;40;100m8[0;35;5;40;100m8[0;1;30;90;41m@[0;31;5;40;100m@X[0;35;5;40;100m8[0;31;5;40;100mX[0;30;5;40;100mX[0;35;5;40;100mt[0;31;5;40;100m8[0;36;5;40;100m [0;1;30;90;47m8[0;35;5;40;100m [0;37;5;40;100m8[0;1;30;90;47m8[0;35;5;40;100m:t:[0;33;5;40;100m.[0;31;5;40;100mS@[0;32;40mt[0;34;40m::.:.:..::.:..[0m
[0;34;40m.::.:.:.::[0;31;40m%[0;1;30;90;41m8[0;31;40m@[0;1;30;90;41m8[0;31;45m8[0;35;41mS[0;30;41m8[0;35;5;40;100m [0;35;47m8[0;33;5;40;100m%[0;1;30;90;41m@[0;30;5;40;100m8[0;36;5;40;100m:t[0;34;40m@[0;36;5;40;100m [0;35;5;40;100m%[0;35;41m@[0;1;30;90;41m8S[0;35;5;40;100m%S[0;31;5;40;100m@[0;35;5;40;100mt[0;30;5;40;100m8[0;34;5;40;100mS[0;35;5;40;100m;: [0;30;5;40;100m8[0;1;30;90;47m88[0;35;5;41;101m8[0;31;5;40;100m8[0;30;5;40;100m@[0;1;30;90;47mXS[0;31;40m8[0;34;40m;[0;32;40m:[0;34;40m:.:...:.:.[0m
[0;34;40m.:.:.:...::;;[0;31;40mS[0;35;41m@[0;33;5;40;100m:[0;35;5;40;100m;:%[0;30;5;40;100m8[0;36;5;40;100m  [0;34;5;40;100m@[0;36;5;40;100m; ::%[0;35;5;40;100mS[0;36;5;40;100mt[0;35;5;40;100mt[0;36;5;40;100m:[0;1;30;90;40m8[0;36;5;40;100mS[0;37;5;40;100m8[0;36;5;40;100m [0;35;5;40;100mt [0;1;30;90;47m8[0;1;30;90;45m8[0;33;5;40;100mS[0;35;5;40;100mX[0;37;5;40;100m8[0;1;37;97;47m:[0;35;5;40;100m8[0;35;5;41;101mt[0;1;30;90;47m8[0;31;40m@[0;34;40m:::..::.:.:.[0m
[0;34;40m..:...:.:.:.:[0;30;41m8[0;31;45m8[0;31;40mXS[0;31;5;40;100m88[0;35;5;40;100mS.[0;37;5;40;100m8@[0;36;5;40;100m;[0;34;5;40;100m@[0;33;5;40;100m [0;35;5;40;100m [0;37;5;40;100m8[0;35;5;40;100m ;[0;37;5;40;100m@t[0;1;30;90;45m8[0;31;5;40;100m@[0;1;30;90;47mt[0;1;37;97;47m8[0;35;5;40;100m [0;35;41mS[0;31;5;41;101m [0;35;5;41;101m [0;31;45m8[0;1;30;90;41m@[0;34;5;40;100mS[0;35;5;40;100mt[0;1;30;90;41m8[0;35;5;41;101m [0;1;30;90;47m:[0;31;40m;[0;34;40m::[0;31;40m.[0;34;40m:.:..:..:[0m
[0;34;40m.:.::.:.:..::[0;1;30;90;41m@[0;31;45m8[0;31;40m%[0;34;40m%[0;35;41m8[0;31;40m@8[0;34;40mt[0;31;40mX[0;35;5;40;100mS[0;1;30;90;47m8[0;37;5;40;100m:[0;1;30;90;45m8[0;1;30;90;41m8[0;1;37;97;47mX[0;1;30;90;47mX[0;35;41m%[0;31;5;41;101mt[0;1;35;95;5;41;101mX[0;1;31;91;41m8[0;32;40m%[0;37;5;40;100mS[0;36;5;40;100m@[0;35;5;40;100m [0;35;41m8[0;37;5;41;101m8[0;35;5;41;101m [0;35;5;40;100m@[0;31;5;41;101m;[0;35;5;41;101m.[0;1;31;91;45m8[0;35;5;40;100m@[0;37;5;41;101m@[0;1;30;90;47m8[0;31;40mS[0;34;40m:::.:.:..:..[0m
[0;34;40m.:...:.:[0;32;40m.[0;34;40m::..[0;30;41m8[0;31;45m8[0;31;40m@[0;34;40m;[0;31;40m@[0;31;5;40;100mX[0;31;40m88[0;35;5;40;100m8[0;35;41m%[0;31;5;41;101m.[0;35;5;41;101m:[0;1;30;90;41m88[0;35;5;40;100m@8[0;1;30;90;41mt[0;35;5;41;101m [0;1;31;91;47m8[0;35;47m8[0;35;41mS[0;35;5;40;100m8[0;1;30;90;45m8[0;31;5;41;101mt[0;35;5;40;100m8[0;35;5;41;101m [0;1;35;95;47m8[0;33;41m:[0;35;5;41;101m.[0;1;35;95;47m8[0;31;5;41;101m;[0;1;30;90;41m8[0;1;35;95;5;41;101m@[0;33;5;40;100m [0;31;40mX[0;34;40m:..:.:[0;31;40m.[0;34;40m::.:.[0m
[0;34;40m..:.:[0;32;40m.[0;34;40m:::..::[0;31;40m%[0;1;30;90;41m8[0;34;40m%[0;31;40mX[0;34;40m%;S[0;31;40m8[0;30;41m8[0;31;45mS[0;35;5;41;101m [0;37;45m@[0;35;41mS[0;35;5;41;101m:;[0;1;30;90;45m8[0;35;41m8[0;37;5;41;101m8[0;1;35;95;5;41;101m@[0;37;5;41;101m8[0;35;5;41;101m.@[0;31;43m8[0;31;45m@[0;1;30;90;41m@[0;31;45m8[0;1;31;91;41m8[0;30;5;40;100m8[0;1;30;90;41m8[0;30;41m@[0;31;40mXX8%[0;1;30;90;40m8@[0;31;40m%[0;34;40m;[0;32;40m.[0;34;40m:.:..:..[0m
[0;34;40m..:.::[0;31;40m.[0;32;40m.[0;31;40m.[0;34;40m:..:;::;[0;31;40mt[0;34;40mt[0;31;40m8[0;34;40m8[0;35;41m8[0;31;45m@[0;35;5;41;101m  [0;35;5;40;100mX[0;35;5;41;101m [0;1;35;95;47m8[0;31;5;41;101m:[0;1;30;90;41m8[0;35;5;41;101m [0;1;30;90;45m8[0;1;30;90;41m8[0;32;40m%[0;34;40mS[0;31;40m%[0;34;40m;[0;32;40m:[0;31;40mt[0;32;40m;[0;34;40m:.S[0;36;5;40;100mt[0;33;5;40;100m [0;1;30;90;47m88[0;35;47m8[0;31;5;40;100mS[0;1;30;90;45m8[0;33;5;40;100m.[0;31;5;40;100mX[0;31;40m.[0;34;40m:.:..:.[0m
[0;34;40m.:..[0;31;40m;[0;34;40mt[0;30;5;40;100mS[0;37;5;40;100m88[0;1;30;90;40m@[0;34;40m.:[0;32;40m.[0;34;40m:[0;31;40m@[0;1;30;90;41m8[0;31;40m%[0;34;40mt:[0;31;40m;%S[0;35;5;40;100m8[0;1;30;90;45m8[0;31;45m8[0;31;5;40;100m8[0;1;30;90;41m8[0;30;41m8[0;31;40mt[0;34;40mX[0;1;30;90;40m@[0;31;40mS[0;32;40m;[0;34;5;40;100mX[0;1;30;90;40m8[0;34;5;40;100mX[0;32;40m;[0;34;40m::.[0;1;30;90;41m8[0;35;5;40;100m [0;1;30;90;45m8[0;1;30;90;41m88[0;30;41m8[0;31;5;40;100m@8[0;33;5;40;100m%[0;35;5;41;101m8[0;1;30;90;47m8[0;1;31;91;45m8[0;31;5;40;100m@[0;32;40m [0;34;40m:.:.:.[0m
[0;34;40m.:.:[0;30;5;40;100m8[0;36;5;40;100mt.  ;;[0;35;5;40;100m [0;34;5;40;100mS[0;32;40m [0;34;40m:[0;31;40mX[0;30;5;40;100m8[0;35;5;40;100m;[0;36;5;40;100m%[0;30;5;40;100m8[0;35;5;40;100m%[0;31;5;40;100m8[0;31;40mt%[0;32;40mt[0;34;40m..[0;30;5;40;100m@[0;36;5;40;100m.[0;35;5;40;100m:[0;1;30;90;47m.;[0;36;5;40;100m t[0;31;40mt[0;30;5;40;100mX[0;37;5;40;100mS[0;1;30;90;47m%.[0;1;37;97;47mt[0;1;30;90;47m;[0;37;5;40;100m8[0;31;5;40;100m@[0;35;5;40;100mS[0;1;30;90;45m8[0;1;30;90;41m8X8[0;30;41m8[0;31;40m8S[0;32;40m%[0;34;40m:..:.:[0;32;40m.[0;34;40m:[0m
[0;34;40m.:... ::;%[0;1;30;90;40m8[0;36;5;40;100m [0;1;37;97;47m8[0;1;30;90;47m [0;36;5;40;100m [0;1;30;90;47m8[0;34;40m;[0;31;40m. [0;30;41m8[0;31;45m8[0;1;31;91;47mX[0;1;35;95;47mS[0;1;30;90;43m8[0;35;5;40;100mX[0;34;40m  [0;34;5;40;100mX[0;37;5;40;100m8[0;1;30;90;47mt[0;37;5;40;100m8[0;34;40m@[0;32;40m:[0;34;40m.[0;36;5;40;100m;[0;1;30;90;47m.:[0;37;5;40;100m@[0;34;40m@[0;32;40m:[0;34;40m:.[0;31;40m.%%:[0;34;40m;;;;;:.:..:.:.[0m
[0;34;40m.::.:.::[0;32;40m:[0;34;40m:;;t[0;36;5;40;100mt.t[0;34;40m..:[0;31;40m:%@[0;30;41mS[0;35;41m8[0;31;5;40;100mX[0;34;40m:..;t:[0;32;40m:[0;34;40m:.;:::[0;32;40m:[0;34;40m:::.[0;32;40m.[0;34;40m::.::..:.:.:.:.:[0m
[0;34;40m..:.:..::[0;31;40m.[0;34;40m:..::.:.:::::[0;32;40m:[0;34;40m:...:[0;32;40m.[0;34;40m:::.:.:.::..::.:...:.:..:...:.[0m
[0;34;40m.:.:..:.:::.:..:.:.:.:.:.:.:.::.:.:..:..:...:.::.:.::..::.:.[0m
