[0;34;40m::::::::::::::::::::::::::::::::::::::::::::::::::::::::::::[0m
[0;34;40m:::::::::::::::::::::::::::::::;::::::::::::[0;31;40m;[0;1;30;90;40m8[0;34;40m;[0;31;40m.[0;34;40m::::::::::::[0m
[0;34;40m::::::::::::::::::::::::::::::;[0;33;5;40;100m%[0;34;40mS::::;::.:[0;31;40m8[0;1;30;90;47mS[0;1;33;93;47m%[0;1;31;91;47m8[0;1;33;93;47m8[0;33;5;41;101mS[0;1;30;90;47m8[0;1;30;90;41m8[0;31;5;40;100m@[0;31;40mS[0;34;40mt:::::::[0m
[0;34;40m::::::::::::::::::;[0;31;40m.[0;37;5;40;100mS[0;36;5;40;100m;[0;31;40m [0;34;40m:[0;31;40m.[0;34;40m.[0;30;5;40;100mS[0;34;40m.[0;32;40m.[0;34;40m;[0;1;30;90;47m@[0;37;5;47;107mS[0;1;37;97;47mS[0;30;5;40;100m8[0;34;40m.;.[0;32;40m.[0;31;40m.[0;37;5;40;100m8[0;37;5;47;107m8[0;34;5;40;100mX[0;33;5;40;100mX[0;37;5;41;101m8[0;1;33;93;47m@[0;37;5;41;101m8[0;1;31;91;47m@[0;1;35;95;47mX[0;35;5;41;101mt[0;35;47m@[0;1;31;91;47mSS[0;31;5;40;100m8[0;34;40m.::::::[0m
[0;34;40m::::::::::::::::::[0;31;40mt[0;30;5;40;100m8[0;1;30;90;40mX[0;34;40mt[0;31;40m.[0;34;40m%[0;33;5;40;100m [0;1;30;90;47m.[0;37;5;47;107mt[0;1;30;90;47m:[0;35;5;40;100m [0;34;40m%[0;31;40m.[0;30;5;40;100mX[0;34;40mt:.[0;1;30;90;40mS[0;37;5;40;100m8[0;1;30;90;47m:[0;36;5;40;100m%t[0;1;30;90;47m%[0;1;37;97;47mSX[0;37;5;43;103m8[0;37;5;41;101m8[0;1;37;97;47m [0;1;35;95;5;41;101m@[0;35;47mX[0;35;5;40;100m@[0;1;30;90;45m88[0;35;5;40;100m8[0;31;40mS[0;34;40m:::::::[0m
[0;34;40m:::::::::::::::[0;1;30;90;40m@[0;35;5;40;100m [0;1;30;90;40mX[0;34;40m%[0;31;5;40;100m8[0;34;40mt:;[0;32;40m;[0;34;40m;[0;1;30;90;40m8[0;1;30;90;47m@[0;1;30;90;40m8[0;34;40mt[0;1;30;90;40m@[0;34;40m:;:[0;32;40m.[0;30;5;40;100mX[0;37;5;47;107m8% tX[0;1;37;97;47mS[0;1;31;91;47mS@[0;37;5;45;105m@[0;35;5;41;101m.[0;35;47m8[0;1;30;90;41m8[0;1;30;90;45m8[0;37;43m8[0;37;5;40;100m8[0;36;5;40;100m [0;1;30;90;40m8[0;34;40m::::::::[0m
[0;34;40m::::::::::::::;[0;1;30;90;47m@[0;37;5;47;107m%[0;1;30;90;47m8[0;34;40m;;:[0;32;40m:[0;1;30;90;40m8[0;1;30;90;47mS[0;31;40m.[0;34;40m:.t[0;1;30;90;47m.[0;1;37;97;47mS[0;30;5;40;100m8[0;34;40m.:;: [0;1;30;90;46m8[0;37;5;46;106m:[0;1;36;96;47mS[0;37;5;47;107mt   @[0;1;37;97;47m@[0;33;5;40;100mS[0;31;40m%[0;30;41m8[0;34;40mS[0;1;30;90;47m;[0;37;5;47;107m [0;37;46mX[0;34;40m;:::::::[0m
[0;34;40m::::::::::::::::[0;1;30;90;40mX[0;34;40m::.[0;1;30;90;40mX[0;1;30;90;47m8[0;37;5;47;107m@.[0;1;37;97;47mt[0;35;5;40;100m%[0;32;40m.[0;34;40m:[0;32;40m;[0;1;30;90;40m@[0;34;40m::::[0;1;30;90;40m8[0;1;30;90;47m@[0;37;5;47;107m% [0;1;37;97;47m8[0;36;5;46;106mS[0;1;30;90;46mX[0;36;5;40;100m [0;1;30;90;47m:[0;1;37;97;47mt8[0;37;5;47;107mS[0;1;37;97;47m8[0;1;36;96;47m8[0;36;5;40;100m;[0;1;30;90;46m@[0;37;5;46;106m;[0;1;30;90;47mX[0;34;40m.;::::::[0m
[0;34;40m:::::::::::::.::;.;[0;1;30;90;40mS[0;34;40m:.[0;35;5;40;100mt[0;1;30;90;47mt[0;32;40m;[0;34;40m .:[0;35;5;40;100mt[0;36;5;40;100m:[0;34;40mt[0;31;40m:[0;1;30;90;40m8[0;1;30;90;47m.[0;37;5;47;107m..;[0;1;36;96;47m8[0;36;5;46;106mS[0;1;36;96;46mSX[0;1;30;90;46mS[0;34;40m8[0;1;30;90;40m8[0;1;30;90;46m8[0;37;46m@[0;1;30;90;46m@[0;36;47m8[0;1;36;96;47mX[0;1;30;90;47mX[0;34;40mX:::::::::[0m
[0;34;40m::::::::::::[0;36;5;40;100m [0;1;30;90;47mX[0;34;40mt:[0;32;40m.[0;30;5;40;100mX[0;1;30;90;47m%[0;36;5;40;100m.[0;34;40m .[0;32;40m [0;34;40mt[0;36;5;40;100m    t[0;35;5;40;100m;[0;36;5;40;100m :[0;1;37;97;47m;[0;37;5;47;107m .:[0;36;5;46;106mX[0;1;36;96;46mSS[0;1;30;90;46mXt[0;30;44mS[0;32;5;40;100mX[0;1;36;96;47mX[0;37;5;47;107m.[0;34;46m8[0;34;40m ;::::::::::::[0m
[0;34;40m:::::::::::;[0;33;5;40;100m [0;1;30;90;47m8[0;1;30;90;40m8[0;34;40m::[0;1;30;90;40m8[0;30;5;40;100m8[0;35;5;40;100m%[0;37;5;40;100m8[0;1;30;90;47m;[0;1;37;97;47m88[0;1;36;96;47mS[0;1;37;97;47m8[0;1;36;96;47mX[0;1;37;97;47m8[0;1;36;96;47mX[0;1;37;97;47m8[0;1;36;96;47mX[0;1;37;97;47m8[0;1;36;96;47m@[0;1;37;97;47m8[0;37;5;46;106m@[0;36;5;46;106m@[0;1;36;96;46m%[0;1;30;90;46m8[0;1;36;96;46m%[0;1;30;90;46mt[0;30;44m@[0;36;5;40;100m8[0;36;47mS[0;1;36;96;47m8[0;34;40m8[0;32;40m:[0;31;40m8[0;35;5;40;100m.[0;34;40mS[0;32;40m:[0;34;40m;:::::::::[0m
[0;34;40m:::::::::::;::::[0;31;5;40;100m%[0;1;37;97;47m;[0;37;5;47;107mt[0;37;5;46;106m8[0;1;36;96;47m8[0;1;37;97;47m88[0;1;36;96;5;47;107m8[0;37;5;46;106m%[0;36;5;46;106mt%SSS%SS[0;1;36;96;46mS[0;36;5;46;106m%[0;1;30;90;46mX[0;1;36;96;46mXt[0;34;46m8[0;34;40m8[0;36;5;40;100m%[0;1;37;97;47m8[0;1;30;90;46m8[0;1;30;90;40m8[0;32;40m:[0;34;40mt%;[0;1;30;90;40m8[0;37;5;40;100mS[0;1;30;90;47m@[0;36;5;40;100m%[0;34;40m.:::::::[0m
[0;34;40m:::::;::::::::[0;1;30;90;40m8[0;1;30;90;47m.[0;37;5;47;107m [0;37;5;46;106m8[0;1;36;96;46mS[0;1;36;96;47m8[0;37;5;47;107m.  t[0;1;37;97;47m8[0;1;36;96;46mS%t[0;36;5;46;106mt[0;1;32;92;46m8[0;1;36;96;46mXt[0;36;5;46;106mt[0;1;36;96;46m.%[0;1;30;90;46m;[0;1;36;96;46m:[0;1;34;94;46m8[0;1;36;96;46mt[0;1;30;90;46m;[0;30;44m8[0;1;36;96;46m@[0;37;5;47;107m [0;1;30;90;46m8[0;34;40m@[0;32;40m;[0;34;40m;:[0;36;5;40;100m [0;37;5;47;107m@.[0;1;30;90;47mS[0;1;30;90;40m@[0;34;40m:::::::[0m
[0;34;40m:::::::::::::[0;33;5;40;100m%[0;1;37;97;47mS[0;37;5;47;107m [0;1;36;96;47m8[0;37;5;46;106m8[0;1;36;96;47m8@S[0;37;5;46;106m@[0;36;5;46;106mX[0;1;36;96;46m@[0;37;5;46;106m88888888[0;1;36;96;47m8[0;36;5;46;106m [0;1;36;96;46mt[0;36;5;46;106m@@[0;1;36;96;46m8[0;1;36;96;47m8[0;36;5;46;106m@[0;1;36;96;47m8[0;1;30;90;46m8X[0;36;47m8[0;1;36;96;47mX[0;36;5;40;100mX[0;31;40m.[0;34;40m;.t[0;1;30;90;40mX[0;34;40m:::::::::[0m
[0;34;40m:::::::::::;[0;32;40m [0;1;30;90;47m:[0;37;5;47;107m [0;37;5;46;106m8[0;1;36;96;46mS[0;36;5;46;106mS[0;37;5;47;107m8[0;1;36;96;47mX[0;1;30;90;47m@[0;1;31;91;47m8[0;1;35;95;5;41;101m8[0;37;5;41;101m8[0;35;47m@[0;36;47m8[0;1;30;90;47m888[0;37;46mX[0;36;5;46;106mt[0;1;32;92;46m8[0;36;5;46;106m%[0;37;46mX[0;36;5;46;106m;[0;1;30;90;46m8[0;1;36;96;46mX[0;1;30;90;46m8[0;1;36;96;46mt.[0;34;46m8[0;34;40mX[0;32;40mt[0;34;5;40;100m8[0;36;47m@[0;37;5;47;107m [0;1;30;90;46m.[0;31;40m [0;34;40m.:::::::::::[0m
[0;34;40m:::::::::::;[0;32;40m.[0;1;37;97;47m [0;37;5;47;107m.[0;37;5;46;106m8[0;1;36;96;47m8[0;36;47m8[0;36;5;46;106mX[0;37;46m@[0;37;5;41;101m8[0;1;31;91;5;45;105m8[0;1;31;91;47m@[0;1;35;95;5;41;101m8[0;37;5;41;101m8[0;1;31;91;47m8[0;37;5;41;101m8[0;1;35;95;47m8[0;35;5;41;101m [0;1;35;95;47m8[0;1;30;90;47m8[0;36;5;46;106mS[0;1;36;96;47mX[0;36;5;46;106mS[0;1;30;90;46m8[0;1;36;96;46m;[0;1;36;96;47m@8[0;1;34;94;46m8[0;1;30;90;46mt[0;34;40m:[0;36;5;40;100mS8[0;32;40m [0;36;47m8[0;37;5;46;106m [0;35;5;40;100mX[0;31;40m [0;34;40m::::::::::::[0m
[0;34;40m:::::::::::;[0;31;40m.[0;1;30;90;47m [0;37;5;47;107m.[0;1;36;96;47m@[0;1;36;96;46mS[0;36;5;46;106m;[0;1;36;96;47mS[0;37;5;46;106m8[0;1;30;90;47mS[0;1;35;95;5;41;101m8[0;37;5;41;101m8[0;1;31;91;5;45;105m8[0;37;5;41;101m8[0;1;31;91;5;45;105m8[0;37;5;41;101m8[0;1;35;95;5;41;101m8[0;1;35;95;47m8[0;31;5;41;101m [0;36;47m8[0;36;5;46;106m%[0;1;36;96;46m:[0;36;5;46;106mX[0;1;37;97;47m@[0;1;36;96;46m:[0;1;34;94;46m8[0;1;30;90;46m [0;34;46m8[0;34;5;40;100mX[0;1;37;97;47m@[0;30;5;40;100m@[0;34;40m .[0;36;47mX[0;37;5;47;107m [0;36;5;40;100m8[0;32;40m [0;34;40m.:::::::::::[0m
[0;34;40m::::::::::::[0;32;40m.[0;1;30;90;47m8[0;37;5;47;107mt[0;1;36;96;47m@[0;36;5;46;106mS[0;1;36;96;46m:[0;36;5;46;106m:[0;1;36;96;46m;[0;37;5;46;106mX[0;36;47m8[0;1;30;90;47m%[0;1;35;95;5;41;101m8[0;1;35;95;47mX[0;37;5;41;101m8[0;1;30;90;47m X[0;37;46m8[0;36;5;46;106mS[0;1;36;96;46m@[0;36;5;46;106m%[0;1;36;96;46m;[0;1;30;90;46m%[0;36;5;46;106mS[0;36;5;40;100mt[0;30;44m8[0;1;30;90;40m8[0;34;40m%[0;32;40m.[0;34;40m:;:S[0;1;36;96;47m@8[0;30;5;40;100m8[0;34;40m ;:::::::::::[0m
[0;34;40m::::::::::::;[0;32;40m [0;1;30;90;47m.[0;37;5;47;107m [0;1;37;97;47m%[0;1;36;96;46mS[0;36;5;46;106m;[0;1;36;96;47m88[0;1;36;96;46mS[0;36;5;46;106mX[0;1;30;90;47m@[0;36;5;46;106mt[0;1;36;96;46mX8[0;36;5;46;106mX[0;1;37;97;47m8[0;36;5;46;106m%[0;1;36;96;46mtS8[0;1;30;90;46m@[0;1;30;90;44m@[0;34;40m@[0;32;40mt[0;36;47m8[0;1;30;90;46m8[0;34;40m;;[0;32;40m.[0;30;5;40;100mS[0;1;36;96;47mX[0;37;5;47;107m [0;1;30;90;46m;[0;34;40m :::::::::::::[0m
[0;34;40m:::::::::::::;[0;32;40m;[0;36;5;40;100m:[0;1;37;97;47mS8[0;37;46m@[0;1;36;96;46m%t[0;1;30;90;46m%[0;36;5;46;106m8[0;1;36;96;46mS[0;1;30;90;46m8[0;36;5;46;106m@[0;1;30;90;46m8[0;1;36;96;46m@[0;1;30;90;46m@;t[0;36;5;40;100m8[0;34;40mXt[0;36;5;40;100m.[0;30;5;40;100mX[0;34;40m:%t[0;32;40m%[0;34;40mS[0;36;5;40;100m [0;1;36;96;5;47;107m8[0;36;47m8[0;34;46m8[0;31;40m [0;34;40m .;:::::::::::[0m
[0;34;40m::::::::::::::t:[0;32;40m;[0;32;5;40;100m@[0;1;30;90;47mX[0;1;37;97;47m88[0;1;30;90;47m.[0;37;5;40;100m8[0;36;5;40;100m;[0;1;30;90;46mS[0;1;30;90;44m8[0;32;40m@[0;34;40mt:[0;31;40m. [0;34;40m .[0;32;40m%[0;34;40mX[0;32;40m%[0;1;30;90;44m8[0;36;5;40;100m8[0;1;30;90;47mS[0;1;36;96;47mX[0;1;37;97;47m8[0;1;30;90;46m@[0;34;40m8[0;32;40m%[0;31;40m.[0;34;40m.;[0;35;5;40;100m [0;36;5;40;100m [0;34;40m%[0;32;40m:[0;34;40m;::::::::[0m
[0;34;40m::::::;:::[0;32;40m.[0;34;40m::;[0;32;40m..[0;34;40m:;.;@[0;36;5;40;100m [0;37;5;47;107m%[0;1;37;97;47m8[0;37;5;47;107m:[0;1;36;96;47m8[0;36;5;40;100m%:[0;1;30;90;46m8[0;36;5;40;100m.[0;1;30;90;46m8[0;36;5;40;100m:[0;1;30;90;46m8[0;1;37;97;47m8[0;1;36;96;5;47;107m8[0;37;5;47;107m [0;37;5;46;106m@[0;36;47m@[0;1;30;90;46m8[0;34;40m8[0;32;40mS[0;34;40m%[0;32;40mt[0;34;40mt..::[0;31;40m:[0;34;40m:;:::::::::[0m
[0;34;40m:::::;X[0;32;40m%[0;34;40m;X[0;34;5;40;100mX[0;34;40mX[0;1;30;90;46m;[0;34;40m@[0;36;5;40;100m8[0;34;46m8[0;1;30;90;46m:[0;36;44m@[0;1;30;90;46m:::[0;34;46m%%S[0;1;30;90;46m.[0;34;5;40;100mX[0;1;30;90;46mt8[0;1;36;96;47m8[0;36;47m88[0;37;5;46;106m8[0;1;30;90;46m8[0;34;46mX[0;1;30;90;46m:[0;36;44m8[0;1;30;90;46mt.;:[0;34;46mS[0;1;30;90;46m;[0;34;46mS[0;1;30;90;46mtt[0;34;40m88[0;1;30;90;46mSt[0;34;40m%X[0;32;40mX[0;34;40m%:::::::[0m
[0;34;40m::::::tt[0;32;40m:...[0;34;40m.[0;32;40mt[0;34;40m: [0;31;40m [0;34;40m.%%S%%t;%S@X88X@%[0;32;40m;[0;34;40mtt%SSSXSS%[0;32;40mt[0;34;40m;:[0;31;40m.[0;34;40m:%%::::::::[0m
[0;34;40m::::::[0;32;40m;[0;34;40m;;;::;;::::::[0;32;40m;[0;34;40m;[0;32;40m;[0;34;40m;[0;32;40m:[0;34;40m;[0;32;40m;[0;34;40m;[0;32;40m;[0;34;40m;[0;32;40m;[0;34;40mt[0;32;40m;[0;34;40mt;[0;32;40m:[0;34;40m;::;[0;32;40m;[0;34;40m;[0;32;40m;[0;34;40m;;;::::[0;32;40m:[0;34;40m;::::::::[0m
