[0;34;40m.:.:.::.:::::..:.:.::::.:.:..:.[0;32;40m  [0;34;40m:.:.[0;32;40m  [0;31;5;40;100m@[0;1;33;93;47m@[0;1;30;90;41mX[0;34;40m ...:.::.:[0;32;40m  [0;34;40m.::.::.::.:.:.:.:.::::::::[0m
[0;34;40m.::.::::.:.:..:.:.:.:.::.:.::.[0;1;30;90;40m@[0;1;30;90;47m8[0;33;5;40;100mt[0;34;40m.:.[0;1;30;90;40mX[0;33;5;40;100m%[0;33;47m8[0;1;33;93;47mX[0;37;5;47;107m@[0;33;47mS[0;37;43m8[0;33;5;40;100mS[0;1;30;90;41m@[0;34;40m.:.:.:.[0;33;5;40;100m [0;37;5;40;100m8[0;34;40m;[0;32;40m.[0;34;40m::.:.::.:....:.:.:::::::[0m
[0;34;40m::::.:.:.:.:.[0;33;5;40;100m.[0;37;5;40;100mS[0;34;40m:.::.::..::.:.:.....:[0;31;40m;tX[0;31;5;40;100m8[0;33;5;40;100m:[0;1;30;90;41m8[0;31;40m8t[0;34;40m:.:...:..[0;32;40m:[0;31;40m:[0;34;40m%[0;37;5;40;100m@[0;30;5;40;100mX[0;34;40m.:.:.:.t[0;1;30;90;47mS[0;33;5;40;100m:[0;34;40m.:::::..:...[0m
[0;34;40m::..:..::.:..t[0;1;30;90;40mX[0;34;40m.:..:..;:[0;32;40m.[0;34;40m.:..:.:.:::::;[0;31;40m;%[0;34;40m;;;::.[0;1;30;90;40mX[0;34;5;40;100mS[0;32;40m;[0;34;40m::.:[0;1;30;90;47m:[0;1;37;97;47m@[0;37;5;47;107m:8[0;1;37;97;47mS[0;32;5;40;100m@[0;34;40m ::.:[0;31;40m:[0;32;40m.[0;34;40m .:[0;32;40m.[0;1;30;90;47m@[0;1;37;97;47m%[0;32;40m;[0;34;40m::.:.:[0m
[0;34;40m:.:.::..:.:.:[0;32;40m:[0;34;40m.::.:.[0;36;5;40;100m:[0;37;5;40;100m@[0;37;5;47;107m%[0;1;37;97;47mS[0;36;5;40;100m S[0;31;40m [0;34;40m::.:.:.:.;[0;33;5;40;100m8[0;30;5;40;100m8[0;31;5;40;100mS[0;32;5;40;100m@[0;31;5;40;100m@[0;32;5;40;100mS[0;31;5;40;100m@[0;1;30;90;40m8[0;31;40m8[0;32;40m;[0;1;30;90;40m8[0;33;5;40;100m [0;1;30;90;40m8[0;34;40m.:.:[0;32;40m;[0;1;30;90;40m8[0;37;5;40;100m8[0;36;5;40;100m8[0;32;40m:[0;34;40m;..:.::.::;.[0;32;40m:[0;31;40m:[0;34;40m;.:.:.;[0m
[0;34;40m::.::.:.::.:.::[0;1;30;90;40mS[0;34;40m;[0;32;40m:[0;34;40m:::[0;32;40mt[0;33;5;40;100m :[0;32;40mt[0;31;40m;[0;34;40m::.::.:.:[0;33;47m8[0;1;33;93;47m@@[0;37;5;43;103m8[0;1;33;93;47mX[0;37;5;43;103m8[0;1;33;93;47m@88[0;1;31;91;47m88[0;37;5;40;100m;[0;1;30;90;41m8[0;34;40m:::.::::[0;32;40m.[0;34;40m :::..:[0;1;30;90;40mX[0;32;40mt[0;34;40m;:[0;1;30;90;40m88[0;34;40m;:::.:.:[0;31;40m.[0;1;30;90;40mX[0m
[0;34;40m:.:.::.:..:.:[0;31;40m.[0;34;40m;[0;1;30;90;47m;[0;36;5;40;100m;[0;34;40m;[0;32;40m:[0;34;40m:;;[0;31;40m;[0;34;40m;;::.:.:.:.[0;31;40m.[0;37;43m8[0;1;33;93;47m8[0;37;5;43;103m8[0;1;33;93;47mX[0;37;5;43;103m8[0;1;35;95;5;41;101m8[0;37;5;41;101m88[0;1;31;91;45m8[0;37;45m8[0;35;5;40;100mX[0;30;41m@[0;34;40m@[0;31;40m:[0;34;40m:.:.:.:.:..::.:[0;1;37;97;47mt.[0;31;40m.[0;34;40m:::.:.::.::.%[0m
[0;34;40m.:::::.:.:[0;32;40m.[0;34;40m:[0;31;40m;[0;36;5;40;100m.[0;1;30;90;47m8[0;32;40mS[0;34;40m%[0;32;40m:[0;34;40m;.:::::.:.:.::[0;32;40m;[0;36;5;40;100m%[0;37;5;40;100m8[0;1;31;91;47mX[0;1;33;93;5;41;101m8[0;1;37;97;47m [0;1;33;93;5;41;101m8[0;1;37;97;47m [0;1;33;93;5;41;101m8[0;35;47m8[0;1;31;91;45m8[0;35;5;40;100m:[0;30;41m8[0;1;30;90;40m@[0;1;30;90;47mS[0;36;5;40;100m@[0;31;40m:[0;34;40m;:.:.:.:.::.:..[0;31;40m.[0;34;40m :..:.:.:.:::[0;32;40m.[0;1;30;90;40mX[0m
[0;34;40m:..:.:.:.:[0;33;5;40;100m [0;1;30;90;47m:[0;37;5;47;107m%[0;1;30;90;47m.[0;37;5;40;100m8[0;37;5;47;107mX[0;1;37;97;47mX[0;1;30;90;47m8[0;30;5;40;100m8[0;31;40m.[0;34;40m:[0;32;40m:[0;34;40m:t[0;36;5;40;100mX[0;34;40mt[0;31;40m:[0;34;40m:::.[0;1;30;90;40mX[0;37;5;47;107mStt88[0;1;33;93;5;47;107m@[0;37;5;47;107m88[0;1;37;97;47m   .[0;1;30;90;47mXt[0;1;37;97;47m88[0;37;5;47;107m.[0;1;30;90;40m8[0;32;40m:[0;34;40m::.:.::...[0;31;40m;[0;34;40m;[0;32;40m:[0;34;40m:::.:.:.:.:.:[0;31;40m.[0;34;40m.%[0m
[0;1;30;90;40m@[0;36;5;40;100m;[0;1;30;90;40m@[0;34;40m:.:.::[0;31;40m:[0;32;40m;[0;1;30;90;40m@[0;36;5;40;100m [0;1;37;97;47m [0;37;5;47;107m%[0;37;5;40;100mS[0;33;5;40;100m%[0;34;40m..:::[0;31;40m...[0;34;40m:::.:.;[0;36;5;40;100mt[0;37;5;40;100m@[0;37;5;47;107m@[0;1;30;90;47m%X[0;1;30;90;45m8[0;1;30;90;47mX[0;1;30;90;45m8[0;1;30;90;47mt[0;37;5;40;100m%[0;1;30;90;47m8[0;37;46m@[0;1;30;90;46m8[0;37;46m@[0;37;5;47;107m@[0;1;30;90;46m%[0;36;44m@[0;34;40mt::.:.:.:[0;31;40m%[0;33;5;40;100m@;[0;1;33;93;47mX@[0;33;5;40;100m;[0;1;30;90;41m8[0;31;40mt[0;34;40m;.::.:.:::[0;32;40m.[0;34;5;40;100mS[0;37;5;40;100m8[0;32;5;40;100mS[0m
[0;34;40m:;:::.:.;;::[0;32;40m;:;[0;34;40m::.:.::::.:.:...[0;32;40m:[0;31;40m [0;36;5;40;100m:[0;37;5;47;107m;[0;1;30;90;47m [0;1;30;90;46m8[0;35;5;40;100m [0;34;5;40;100mS[0;1;30;90;40m8[0;34;40mtSXX[0;36;44m8[0;37;46m@[0;37;5;47;107m:[0;1;30;90;46m8[0;34;40m:[0;32;40m;[0;34;40m::::.:[0;32;40m.[0;30;5;40;100m8[0;33;47m88[0;37;5;43;103m8[0;37;5;47;107mt8[0;37;5;43;103m8[0;1;31;91;47mX[0;33;47m8[0;31;40m8[0;34;40m;[0;32;40m.[0;34;40m:.::[0;32;40m.[0;31;40m.[0;34;40m:.[0;32;40m:[0;34;40m.%[0m
[0;34;40m.:..::[0;32;40m.[0;30;5;40;100m8[0;33;5;40;100m:[0;34;40m;[0;32;40m:[0;34;40m:;:::.::.[0;33;5;40;100m%[0;36;5;40;100m.[0;34;40m:::.:.::::[0;32;40m.[0;33;5;40;100m [0;37;5;47;107m.[0;1;36;96;47m%[0;36;47m8[0;34;5;40;100m8[0;36;5;40;100mS[0;35;5;40;100m%[0;34;40m;.::[0;36;44m8[0;37;46m@[0;37;5;47;107m:[0;37;5;40;100m8[0;34;40m;;.:.:.:.[0;31;40m;S[0;1;30;90;41m8[0;35;41m8[0;1;33;93;47mX[0;1;31;91;47m8[0;35;41m8[0;1;30;90;41m8[0;31;40m;[0;34;40m:[0;32;40m:[0;34;40m;.:[0;31;40m.[0;34;40m:[0;36;5;40;100mS[0;30;5;40;100m8[0;34;40m.::[0;32;40m.[0;1;30;90;40mS[0m
[0;34;40m::::.:.[0;1;30;90;40mS[0;30;5;40;100m8[0;34;40m;[0;31;40m:[0;34;40m;.:.::...%[0;30;5;40;100m8[0;32;40m.[0;34;40m:.:.:.:[0;31;40m.[0;34;40m;[0;33;5;40;100mt[0;1;30;90;47m8[0;37;5;47;107m;[0;1;30;90;47m%[0;1;30;90;46m8[0;34;5;40;100m8SS[0;32;40m [0;34;40m.:[0;31;40m:[0;1;30;90;44m@[0;1;30;90;46m8[0;37;5;47;107m:[0;36;47m@[0;36;5;40;100mS[0;34;40m:[0;32;40m.[0;34;40m::.:.::::[0;31;40m;%t[0;32;40m;[0;34;40m:[0;32;40m.[0;1;30;90;47m;.[0;34;40m..::. :.:..%[0m
[0;34;40m..:.:.:::[0;32;40m:[0;34;40m;.:.:[0;32;40m. [0;34;40m:.:[0;32;40m:[0;34;40m::.:.::.[0;32;40m.[0;33;5;40;100m [0;1;30;90;47mS[0;37;5;47;107m.8[0;36;5;40;100mS[0;34;40m;:[0;34;5;40;100mX[0;32;40m; [0;34;40m::::;8[0;36;5;40;100m:[0;1;37;97;47mS[0;37;5;47;107m.[0;1;30;90;47m%[0;36;5;40;100m%[0;32;40m.[0;34;40m.:.:..::;;;:[0;37;5;40;100m@[0;1;30;90;47m%[0;37;5;47;107m88[0;1;30;90;47m8X[0;32;40mS[0;34;40m;:..:.:[0;31;40m.[0;1;30;90;40mX[0m
[0;34;40m:.:.:.:.::[0;31;40m.[0;34;40m:..;[0;1;30;90;47mS[0;33;5;40;100m [0;32;40m.[0;34;40m:::.:.:[0;31;40m.[0;34;40m:[0;32;40mt[0;35;5;40;100m;[0;1;30;90;47m8.:[0;33;5;40;100mX[0;30;5;40;100m@[0;36;5;40;100mS[0;37;5;40;100mXS[0;36;5;40;100m;[0;1;30;90;40mX[0;34;40m.:..[0;32;40m.[0;34;40m:;[0;32;40m;[0;34;40m%[0;32;5;40;100mS[0;1;30;90;47mS;[0;37;5;40;100m8[0;36;5;40;100mX[0;31;40m:[0;34;40m.[0;32;40m.[0;34;40m::..:..:[0;30;5;40;100m@[0;36;5;40;100m@[0;1;37;97;47m:X[0;36;5;40;100m8[0;32;5;40;100mX[0;34;40m%.:.:.:..%[0m
[0;34;40m.:.:.[0;31;40m:[0;31;5;40;100m8[0;33;5;40;100mt[0;1;37;97;47m.[0;33;5;40;100m8[0;31;40m8[0;34;40m;.:[0;32;40m.[0;31;40m.[0;32;40m:[0;34;40m;.:.:[0;31;40m.[0;1;30;90;40mS[0;30;5;40;100mX[0;37;5;40;100m@[0;1;37;97;47m.[0;1;30;90;47m%[0;36;5;40;100m;[0;1;30;90;40m8[0;30;5;40;100m@[0;33;5;40;100mt[0;1;30;90;47m8[0;36;5;40;100m X[0;31;40m [0;34;40mt[0;37;5;40;100m8[0;30;5;40;100m8[0;34;40m.:.[0;1;30;90;40m@[0;37;43mX[0;1;30;90;42m8[0;31;40m.[0;34;40m;::.:[0;32;40m;[0;36;5;40;100m.[0;1;37;97;47mS[0;1;30;90;47m.@[0;30;5;40;100mX[0;32;40m%[0;34;40mt:.::..[0;32;40m S[0;34;40mS[0;32;40m.[0;34;40m::.;[0;33;5;40;100m t[0;34;40m.::[0;32;40m.[0;1;30;90;40mX[0m
[0;34;40m.:..[0;33;5;40;100m%[0;33;47m8[0;37;5;47;107mS::[0;1;33;93;47mX8[0;33;47m8[0;1;30;90;41m8[0;31;40m.[0;34;40m::::..::[0;32;40m.[0;30;5;40;100mS[0;37;5;47;107m [0;1;37;97;47m@[0;36;47m8[0;32;40m.[0;30;5;40;100m8[0;1;30;90;47mS[0;1;37;97;47mt[0;1;30;90;47m [0;34;40m:[0;32;40m.[0;34;40m [0;34;5;40;100mS[0;30;5;40;100mX[0;34;40m.:.:[0;32;40m.8[0;33;5;42;102m [0;1;33;93;47m8[0;33;47m8[0;1;30;90;43m8[0;1;30;90;42mS[0;34;40m.::;:[0;32;40m.[0;37;46m8[0;1;37;97;47m8[0;37;5;47;107m [0;36;5;40;100mt[0;34;40m::.[0;31;40m.[0;34;40m.:.;;[0;32;40m;[0;34;40m:.:.;[0;1;30;90;40m@[0;34;40m;.:..%[0m
[0;34;40m.:.[0;31;40m:8[0;31;5;40;100m8[0;1;30;90;43m8[0;1;33;93;47mX[0;37;5;47;107m8[0;33;5;41;101m;[0;33;5;40;100m [0;30;41mS[0;34;40mt:.[0;32;40m;[0;34;40mt[0;31;40m:[0;34;40m:::[0;31;40m:[0;37;5;40;100mS[0;1;37;97;47m;[0;1;30;90;47mt[0;36;5;40;100m:t[0;1;30;90;47mt[0;1;37;97;47m:8[0;36;5;40;100mS[0;34;40m:.S[0;36;5;40;100m%[0;31;40m:[0;34;40mt[0;32;40mX[0;1;30;90;40mS[0;32;40m%[0;34;40m;[0;33;5;40;100m8[0;1;30;90;43m8[0;32;43m8[0;1;30;90;42m@[0;33;42m@[0;32;40m8;[0;34;40m:[0;32;40m.[0;34;40m.[0;32;40m.[0;34;40m:;X[0;1;30;90;46m:[0;1;37;97;47m@%[0;1;30;90;47m%[0;32;40m;[0;34;40m;[0;34;5;40;100mS[0;1;30;90;40m8[0;34;40m:::;;:.:.:..:::[0;31;40m.[0;1;30;90;40mX[0m
[0;34;40m.::;:.[0;31;40mt%X[0;1;30;90;40m@[0;31;40m;[0;34;40m;[0;32;40m:[0;34;40m:;[0;37;5;40;100mX[0;33;5;40;100m:[0;34;40m::.;[0;1;30;90;47m;[0;1;37;97;47m%8[0;1;30;90;46m88[0;36;47m8[0;1;37;97;47m:[0;36;47m8[0;1;30;90;46mS888[0;37;46m@[0;1;30;90;46m88[0;36;47m8[0;37;5;43;103m8[0;33;5;42;102mS[0;33;5;40;100m%[0;1;32;92;42mX[0;36;5;40;100m8[0;1;30;90;46mX888[0;37;46m8[0;33;5;40;100m [0;1;30;90;43m8[0;1;30;90;46m8[0;37;46mX[0;1;30;90;46m88[0;37;46mS[0;1;30;90;46m8@:[0;1;36;96;47mS[0;37;5;47;107mt[0;1;30;90;47m.[0;32;40m@[0;34;40m::..:[0;36;5;40;100mX[0;1;30;90;40m@[0;34;40m.:.:.::.:t[0;32;40m:[0;34;40m%[0m
[0;34;40m:..:.::::::::[0;31;40m:[0;34;40m:.:.:[0;32;40m.t[0;37;5;47;107mt8[0;37;5;46;106m8[0;37;5;47;107m.:[0;1;37;97;47m8[0;1;36;96;47mS[0;37;5;47;107m [0;1;37;97;47m8[0;37;5;47;107m S[0;1;36;96;47m8[0;33;5;42;102m [0;37;5;43;103m8[0;37;46m8[0;36;5;42;102m.[0;1;33;93;47m8[0;1;30;90;46m8[0;1;36;96;46m@[0;1;30;90;46m8[0;36;5;46;106m [0;1;30;90;47m8[0;36;47m8[0;1;33;93;47mX[0;1;32;92;47mS[0;33;5;42;102m:[0;1;30;90;47m8[0;1;36;96;46mt[0;1;36;96;47m8[0;36;5;46;106m@[0;1;36;96;47m8[0;36;47m8[0;36;5;46;106m;[0;1;37;97;47m%[0;37;5;46;106m8[0;1;30;90;46m8[0;1;36;96;46m:[0;1;36;96;47mX[0;37;5;47;107m;[0;36;5;40;100m8[0;31;40m [0;34;40m:.:[0;31;40m.[0;34;40m :.:.::.:[0;31;40m.[0;32;5;40;100mS[0;37;5;40;100m@[0;1;30;90;40m8[0;34;40mt[0m
[0;34;40m:::.:.:.:::.::.:.:::[0;31;40mt[0;37;5;47;107m%8[0;36;5;46;106m;%[0;37;5;47;107m8;[0;37;5;46;106mtt%@[0;1;37;97;47m8[0;37;5;47;107m8 [0;37;5;46;106m%[0;37;5;47;107m;[0;37;5;46;106m:[0;37;5;47;107m:[0;36;5;46;106m:[0;33;47m8[0;37;46m8[0;1;30;90;47mt[0;1;36;96;47m@[0;1;30;90;47m8[0;36;5;42;102mt[0;37;46m8[0;37;5;46;106m@[0;1;36;96;47m8[0;37;5;47;107mS[0;1;36;96;47m@[0;1;37;97;47m8[0;37;5;46;106m%[0;37;5;47;107m8[0;1;36;96;47mS[0;1;34;94;46m88[0;36;47m8[0;36;5;44;104m.[0;36;47m8[0;37;5;47;107m.[0;34;5;40;100mX[0;32;40m [0;34;40m.::::.:.::[0;31;40m.[0;34;40m:::..[0;31;40m.[0;1;30;90;40mX[0m
[0;34;40m.::.:.:.:..:.[0;30;5;40;100m@[0;36;5;40;100mX[0;34;40m.::.:[0;32;40m%[0;37;5;47;107m;8[0;37;5;46;106mX[0;36;5;46;106mX[0;1;37;97;47m8[0;37;5;47;107mX[0;37;5;46;106m888S[0;36;5;46;106m;%S[0;37;5;46;106mX[0;36;5;46;106mS[0;37;5;46;106m8[0;36;5;46;106mX[0;37;5;46;106m@[0;36;5;46;106m;[0;33;5;43;103m [0;1;30;90;46m X[0;37;5;46;106mS@[0;36;5;46;106mS[0;1;36;96;47m8[0;36;5;46;106mSS[0;37;5;46;106mS[0;36;5;46;106mt[0;37;5;46;106m8[0;36;5;46;106mt[0;1;34;94;46m8[0;1;36;96;47m8[0;1;34;94;46m88[0;37;46mSX[0;37;5;47;107m [0;36;5;40;100m8[0;32;40m [0;34;40m....:.::[0;31;5;40;100mX[0;33;5;40;100m@[0;1;37;97;47m;[0;1;30;90;43m8[0;33;5;40;100mX[0;31;40m%[0;34;40m;:.%[0m
[0;34;40m:.::.:.::::.:. :.:::[0;31;40mt[0;37;5;47;107m%8[0;36;5;46;106m%[0;37;5;46;106m@[0;1;37;97;47m8[0;37;5;47;107mS[0;37;5;46;106m8X@[0;1;37;97;47mS[0;1;36;96;47mS[0;37;5;46;106m8@[0;36;5;46;106m@[0;1;36;96;47m8[0;36;5;46;106mS[0;36;47m@[0;1;32;92;5;43;103m8[0;37;43m8[0;1;30;90;46m [0;1;36;96;46m%[0;37;5;46;106m@[0;36;5;46;106m;[0;36;47m8[0;37;5;46;106m@[0;1;37;97;47m@[0;37;5;46;106m8@[0;1;36;96;47mS[0;1;37;97;47m8[0;36;5;46;106mt[0;1;36;96;47m8[0;1;34;94;46m8[0;37;46mX[0;1;34;94;46m8[0;36;47m8[0;36;5;44;104m;[0;36;47m8[0;37;5;47;107m.[0;34;5;40;100m@[0;32;40m [0;34;40m.:.::...[0;31;40mS[0;31;5;40;100m8[0;33;5;40;100m:t[0;30;41m8[0;34;40m%.:[0;31;40m.[0;1;30;90;40mX[0m
[0;34;40m::.:.::.:[0;1;30;90;47m.;[0;32;40m.[0;34;40m:.:::.:.[0;32;40m%[0;37;5;47;107m%8[0;37;5;46;106m8[0;36;5;46;106mS[0;1;37;97;47mX[0;37;5;47;107mS[0;37;5;46;106m8[0;36;5;46;106m;[0;37;5;46;106m@[0;36;5;46;106m%[0;37;5;46;106mX[0;36;5;46;106mX[0;1;30;90;47mS[0;37;5;43;103m8[0;36;5;42;102m.[0;1;30;90;47m8[0;1;30;90;46m8[0;1;36;96;46m;[0;1;30;90;46mS[0;1;36;96;46mt[0;1;36;96;47m8[0;37;5;46;106m8[0;1;36;96;47m8[0;36;5;46;106m:[0;37;5;46;106m@[0;1;36;96;47m88[0;36;5;46;106m%[0;1;36;96;47m@[0;37;5;46;106m@8[0;36;5;46;106mS[0;37;46m8[0;36;5;44;104m;[0;37;46m@[0;36;5;44;104mX[0;1;36;96;47mX[0;37;5;47;107m%[0;1;37;97;47m8[0;36;5;40;100m8[0;32;40m [0;34;40m [0;32;40m [0;34;40m;[0;1;30;90;40mX[0;34;40m...:[0;32;40m:[0;34;40m:[0;31;40m%;[0;34;40mt[0;32;40m:[0;34;40m::.%[0m
[0;34;40m:.t[0;1;30;90;40m@[0;34;40m;.::.[0;32;40mt[0;31;40mt[0;34;40m;:.:[0;33;5;40;100m t[0;34;40m.:::[0;32;40mt[0;33;5;40;100m%[0;1;30;90;47m@[0;1;37;97;47mt[0;37;5;46;106m8@8[0;1;36;96;47m8[0;36;5;46;106mX[0;36;47m@[0;37;5;42;102m8[0;33;5;43;103m [0;1;36;96;46m.[0;37;46mX[0;37;5;46;106m8[0;1;36;96;46m8[0;37;5;46;106m8[0;1;36;96;46mX[0;37;5;46;106m88[0;36;5;46;106m:[0;1;36;96;47m8[0;1;37;97;47mt[0;1;36;96;47m8[0;1;36;96;46m;[0;36;5;46;106m;[0;36;47m8[0;36;5;46;106mt[0;36;47m8[0;36;5;46;106m%[0;1;30;90;46m8[0;36;5;44;104mS[0;1;30;90;46m8[0;37;46mX[0;1;34;94;46m8[0;1;37;97;47m%[0;36;47m8[0;1;30;90;46m8[0;32;40mX[0;34;40m: S[0;37;5;40;100m8[0;1;37;97;47m [0;37;5;47;107m:[0;1;30;90;47m@[0;36;5;40;100m;[0;34;40m:::::;::::[0;31;40m.[0;1;30;90;40mX[0m
[0;34;40m.:;t::.::;::.::[0;1;30;90;40m8[0;34;40mt[0;31;40m.[0;34;40m::[0;31;40m:[0;34;40m:.[0;32;40m;;[0;33;5;40;100m:[0;37;5;40;100m8[0;1;30;90;47m ;[0;33;47m8[0;37;46mX[0;1;36;96;46m%[0;36;5;46;106mS[0;37;5;46;106m8@[0;1;36;96;46m%[0;1;36;96;47m8[0;36;5;46;106mX[0;36;47m8[0;36;5;46;106m;[0;35;5;44;104m8[0;1;30;90;46m8[0;1;34;94;46m8[0;1;36;96;46m:[0;36;5;44;104m.[0;36;47m8[0;36;5;44;104mS[0;1;30;90;46m8[0;34;5;44;104mS[0;1;30;90;46m8[0;36;5;44;104m@[0;1;30;90;47m8[0;36;47m8[0;1;36;96;47mX[0;1;30;90;47m8[0;36;5;40;100m [0;34;40m8ttt.:[0;32;40m;;[0;36;5;40;100mX[0;37;5;40;100m@[0;32;40mX[0;34;40mt[0;32;40m:[0;34;40m::.:.:.:..%[0m
[0;34;40m::[0;32;40m:[0;34;40m;:[0;32;40m.[0;34;40m::ttttttt[0;36;5;40;100mX[0;34;5;40;100m@[0;30;5;40;100mX[0;1;30;90;40m8[0;34;40m@X[0;30;5;40;100m8[0;36;5;40;100m@[0;34;5;40;100m8@[0;30;5;40;100mS[0;34;5;40;100m@[0;32;40mt[0;36;5;40;100m:[0;37;5;47;107mX8X[0;36;47m8[0;37;46m8[0;36;47m88[0;1;34;94;46m8[0;36;47mX[0;1;34;94;46m8[0;1;30;90;47m8[0;1;36;96;46m:[0;36;47m8[0;37;5;44;104m8[0;1;36;96;47m8[0;37;46mX[0;1;34;94;46m8[0;36;47m8[0;1;34;94;46m8[0;36;47m8[0;37;5;47;107m8[0;1;37;97;47m8[0;37;5;47;107m8[0;36;5;40;100m:[0;30;44mX[0;34;5;40;100m8[0;36;5;40;100m8[0;34;5;40;100m8[0;32;5;40;100mS[0;34;5;40;100m8[0;30;5;40;100mX[0;34;5;40;100m@[0;34;40mtSt[0;1;30;90;40m8[0;34;5;40;100m@[0;34;40mtt%tt;::..::.[0;1;30;90;40m@[0m
[0;34;40m:tt;[0;1;30;90;40m@@[0;34;5;40;100m8[0;1;30;90;40m8[0;34;40mS[0;1;30;90;40m88[0;30;5;40;100m88[0;1;30;90;40m8[0;30;5;40;100m8[0;34;5;40;100m@[0;36;5;40;100mX[0;34;5;40;100mS[0;36;5;40;100mX%S[0;34;5;40;100m@SX[0;1;30;90;40m8[0;30;5;40;100m8[0;34;40m@[0;32;40mS[0;34;40mX[0;32;40m@[0;34;40mt[0;32;40mt[0;37;5;40;100mX%;[0;1;30;90;47m8[0;37;5;40;100m@@[0;1;30;90;47m8[0;35;5;40;100m [0;1;30;90;47m8[0;36;5;40;100mt..[0;37;5;40;100m@@[0;36;5;40;100m [0;1;30;90;47m8[0;36;5;40;100m;[0;30;44m8[0;34;40mt88%%S[0;30;5;40;100m8[0;34;5;40;100m8[0;36;5;40;100m@[0;34;5;40;100mX[0;36;5;40;100m@S[0;34;5;40;100mX[0;36;5;40;100mX[0;34;5;40;100mX[0;36;5;40;100mSS[0;34;5;40;100m@[0;1;30;90;40m8[0;30;5;40;100m88[0;34;40mSS[0;30;5;40;100mX[0;34;5;40;100m8[0;1;30;90;40m8[0;34;40m%t;[0;1;30;90;40m@[0m
[0;34;40m.:[0;31;40m:[0;34;40mt;t[0;30;5;40;100m@[0;34;5;40;100mXS[0;1;30;90;40m8[0;30;44m8[0;30;5;40;100m8[0;30;44m8[0;30;5;40;100m8[0;34;40m8[0;36;5;40;100m%[0;34;5;40;100m@@888S[0;36;5;40;100m@[0;34;5;40;100mX[0;36;5;40;100m88%%%[0;35;5;40;100m%[0;36;5;40;100m8[0;34;5;40;100m888[0;1;30;90;44m88[0;34;5;40;100m888[0;1;30;90;44m88[0;34;5;40;100m8[0;36;5;40;100m8[0;1;30;90;44m8[0;34;5;40;100m8@X[0;1;30;90;44m8[0;36;5;40;100m8[0;30;5;40;100m8[0;36;5;40;100m8Xttt%[0;34;5;40;100mS[0;36;5;40;100m@[0;34;5;40;100mXX[0;30;5;40;100m8[0;34;5;40;100m8[0;30;5;40;100m@[0;34;5;40;100m8[0;30;5;40;100m8[0;34;40m8[0;36;5;40;100mt[0;34;5;40;100m8[0;1;30;90;40mX[0;34;40m8[0;30;5;40;100m8[0;1;30;90;40m8[0;30;5;40;100m8[0;34;5;40;100m8[0;30;5;40;100m8[0;34;5;40;100mS[0;32;40m;[0;34;40m;:[0;1;30;90;40mX[0m
[0;34;40m:::[0;32;40m:[0;34;40m::.[0;32;40m. [0;34;40m:[0;32;40m;[0;34;40m;:;;;[0;32;40m;[0;34;40m%[0;32;40mt[0;34;40m%[0;32;40mt[0;34;40m%tt%X@@@XS[0;1;30;90;40m@[0;34;40mS[0;30;5;40;100m@[0;36;5;40;100m8[0;30;5;40;100m8[0;34;5;40;100m@[0;30;5;40;100m@[0;34;5;40;100mS[0;30;5;40;100mX[0;34;40mX[0;34;5;40;100mS8X[0;30;5;40;100mX[0;34;5;40;100mX[0;36;5;40;100m8[0;34;40mSX@X[0;1;30;90;40m@[0;34;40m@X[0;1;30;90;40m@[0;34;40m@S[0;1;30;90;40mX[0;34;40m%tt[0;30;5;40;100m88[0;34;5;40;100m8[0;34;40m;[0;32;40m;[0;34;40mt[0;31;40m;[0;34;40mt;;t:[0;32;40m .[0;34;40m ::[0;32;40m.[0;34;40m%[0m
