[0;34;40m.:.:.:.:..:.:.::.:.::..::.:.:.:.:.:.::.:.:.:.::.:.:.:.:.:.:.[0m
[0;34;40m:.::.:.:.:.:.:.:.:.:.::.:.:.::.:.:.:.:.:.:.:..:.:.:.:.:..:.:[0m
[0;34;40m.:.:.:.:.::.:.:.:.:.:.::.:.:.:.:.::.:.:.:.:.::.:.:.:.:.::.:.[0m
[0;34;40m.:.::.:.:.::.::.::::::..:.::::::.:.:.:.:::.:.:..:.::..:.:.::[0m
[0;34;40m.:.:.:::.:.::.::.:.:.::.:.:[0;1;30;90;40m8@88[0;31;40m%[0;34;40m;.:.:.:.:.:.:.::.:.:.:.:.:.:[0m
[0;34;40m.::.:.:.:.:.::..:.:.:..[0;35;5;40;100m@;S.[0;37;5;47;107m8@[0;1;37;97;47m8[0;37;5;47;107m%[0;1;37;97;47mS[0;35;5;40;100m8%;[0;1;30;90;40m8[0;31;40m.[0;34;40m::..:.:.:..:.:.:::.:.:.[0m
[0;34;40m.:.:.:::..:.:.:.::.:.[0;35;5;40;100mX.[0;1;30;90;47m%[0;1;37;97;47mS[0;37;5;47;107m8S:...%8[0;1;37;97;47m@@[0;35;47m8[0;35;5;40;100mt[0;1;30;90;40m8[0;31;40m.[0;34;40m::.:.:.:.::.::..::.:.[0m
[0;34;40m.:.:.:..:.:.:.::.:.[0;1;30;90;40m@[0;36;5;40;100mt[0;35;5;40;100m;[0;35;47m8[0;1;35;95;47mS[0;1;37;97;47m%8[0;37;5;47;107m@:...t8[0;1;37;97;47m@[0;1;35;95;47m8[0;35;47mS@[0;35;5;40;100m;t[0;34;40m:.:.:.:.:.::.:::.:.:.[0m
[0;34;40m.::.:::.::.:.:..::%[0;35;5;40;100mt[0;1;37;97;47mt[0;35;5;40;100m:[0;1;30;90;45m88@[0;1;35;95;45m.[0;37;45m@[0;35;47m@X@X8[0;1;30;90;45m8[0;1;35;95;45m.[0;1;30;90;45m8[0;35;5;40;100mt[0;1;30;90;45m8[0;1;30;90;47mt[0;1;37;97;47m:[0;30;5;40;100mX[0;34;40m%[0;31;40m:[0;34;40m::.::.:.:.:..:.:.:[0m
[0;34;40m:.::..:..::.:.::[0;32;40m.[0;34;40mt[0;30;5;40;100mS[0;34;40m@[0;35;5;40;100mS[0;1;37;97;47mSS[0;35;5;40;100m%[0;1;30;90;45m8[0;35;5;40;100m%[0;1;30;90;45m8[0;37;45mX[0;1;30;90;45m8888[0;35;47m8[0;1;30;90;45m8[0;35;5;40;100mX[0;1;30;90;47m8[0;1;37;97;47mX[0;1;30;90;47mt[0;1;30;90;45m:[0;34;40m%[0;1;30;90;40m8[0;34;40m;:.:.:.::.:::.:.:.:[0m
[0;34;40m.:..:.:.:.:.:..[0;31;40m;[0;34;5;40;100mS[0;30;5;40;100m8[0;1;30;90;40m8[0;34;5;40;100mS[0;31;40mX[0;34;5;40;100mS[0;35;5;40;100mt::.;[0;31;5;40;100mS[0;35;5;40;100m%[0;31;5;40;100mS[0;35;5;40;100mt%[0;33;5;40;100mS[0;35;5;40;100m;;%t[0;30;5;40;100m8[0;34;40mX[0;30;5;40;100mS[0;34;40m8[0;31;5;40;100mX[0;1;30;90;40m8[0;34;40m:[0;32;40m.[0;34;40m:.:.::..:.:.::.[0m
[0;34;40m.::.::.::.:[0;32;40m.[0;34;40m.[0;30;5;40;100m8[0;1;30;90;47m@8[0;37;5;40;100mX[0;35;5;40;100m:[0;34;40mS[0;31;40mX[0;1;30;90;44m8[0;30;5;40;100m8[0;34;5;40;100m@[0;1;30;90;47m8.X[0;35;5;40;100mt[0;30;5;40;100m@[0;32;5;40;100mS[0;34;5;40;100m8[0;30;5;40;100m8@[0;36;5;40;100mt[0;1;30;90;47mX.[0;36;5;40;100m [0;34;5;40;100mS[0;30;5;40;100m8[0;34;40m8[0;31;5;40;100m@[0;34;5;40;100m8[0;35;5;40;100m [0;1;30;90;47m8X[0;37;5;40;100m8[0;34;40m;[0;31;40m.[0;34;40m:..::.::.:.:.[0m
[0;34;40m.::.:.:..:[0;31;40m.[0;30;5;40;100m@@[0;34;40m@[0;36;5;40;100m :[0;34;5;40;100m8[0;1;30;90;40m8[0;34;40m;S[0;1;30;90;40m8[0;34;5;40;100m8[0;30;5;40;100m8[0;32;5;40;100mS[0;34;40m8[0;1;30;90;40m88[0;34;40mSt[0;32;40mS[0;34;40mS[0;1;30;90;40m8[0;30;5;40;100m8[0;34;40mX[0;36;5;40;100m@[0;30;5;40;100m@[0;36;5;40;100m8[0;1;30;90;40m8[0;34;40m8[0;31;40mS[0;34;40mX[0;34;5;40;100mX8[0;35;5;40;100m.;[0;34;40mS[0;33;5;40;100m;[0;34;40m%[0;32;40m:[0;34;40m:.:.:.::.:.[0m
[0;34;40m:.:.:..:::[0;32;40m.[0;1;30;90;47mX.[0;34;5;40;100mSS[0;1;30;90;40m8[0;34;40m%t[0;31;40m;[0;34;40mS[0;30;5;40;100m@[0;1;30;90;40m8[0;34;5;40;100m8[0;30;5;40;100m@[0;36;5;40;100m8[0;30;5;40;100mX[0;36;5;40;100m8[0;1;30;90;40m8[0;30;5;40;100m@8@[0;1;30;90;40m8[0;36;5;40;100m8[0;30;5;40;100m8@88[0;34;5;40;100m8[0;1;30;90;40m8[0;34;40m%[0;31;40m;;[0;34;40m%[0;36;5;40;100m@[0;1;30;90;40m8[0;36;5;40;100m:[0;1;37;97;47mt[0;35;5;40;100mX[0;32;40m [0;34;40m:.:.:.:.:.:[0m
[0;34;40m.:.:.::..::[0;34;5;40;100m@[0;36;5;40;100m.[0;37;5;40;100m8[0;1;30;90;47m8[0;37;5;40;100m8[0;34;5;40;100m@[0;1;30;90;40m8[0;34;40m.[0;31;40mt[0;1;30;90;44m8[0;31;40m@[0;30;5;40;100m8[0;34;40m8[0;1;30;90;40m8[0;34;5;40;100m8[0;1;30;90;40m8[0;36;5;40;100m8[0;30;5;40;100m8[0;34;5;40;100mSS[0;30;5;40;100mX8[0;34;5;40;100m8[0;34;40m@[0;34;5;40;100m8[0;1;30;90;40m8[0;34;40m@[0;31;5;40;100m@[0;34;40m:;[0;30;5;40;100m@[0;36;5;40;100m%[0;37;5;40;100m8[0;1;30;90;47mX[0;37;5;40;100m%[0;36;5;40;100m%[0;34;40m%[0;32;40m.[0;34;40m:.:.:.:.:..[0m
[0;34;40m.:.:.:.::.[0;31;40m.[0;30;5;40;100m8[0;36;5;40;100m@[0;1;30;90;47mS[0;1;37;97;47m [0;1;30;90;47mX[0;36;5;40;100m8[0;1;30;90;40m8[0;34;40m;.[0;31;40m:[0;34;40m@[0;1;30;90;40m@[0;30;5;40;100m@[0;34;40m8[0;31;5;40;100m8[0;34;40m8[0;30;5;40;100m8[0;1;30;90;40m@[0;34;40m8[0;30;5;40;100m@[0;34;40m8[0;30;5;40;100m88@[0;34;40mS[0;31;40mX[0;34;40mX..t[0;30;5;40;100mS[0;36;5;40;100m;[0;1;30;90;47m [0;1;37;97;47m.[0;35;5;40;100m [0;36;5;40;100mX[0;34;40mS[0;31;40m:[0;34;40m::.::..::.:[0m
[0;34;40m:.:.:.:..:.X[0;30;5;40;100mX[0;34;5;40;100mXSX[0;31;40mX[0;30;44m8[0;31;40m;[0;34;40mt[0;1;30;90;40m@[0;34;40m%[0;1;30;90;40mS[0;34;40m%[0;31;40mS[0;34;40mS[0;1;30;90;40mX[0;34;40m8[0;34;5;40;100mS[0;1;30;90;40m8[0;34;40m8[0;30;5;40;100m@[0;34;40m%%[0;31;40m%[0;34;40mX[0;1;30;90;40m@S[0;34;40m%[0;31;40m:[0;34;40mt[0;1;30;90;40m8[0;1;30;90;44m8[0;34;5;40;100mS[0;35;5;40;100m8[0;1;30;90;44m8[0;1;30;90;40m8[0;31;40m%[0;34;40m;[0;32;40m.[0;34;40m::.:.:.:..[0m
[0;34;40m:.:.:.::.:.[0;31;40m;[0;34;40m.[0;31;40m. [0;34;40m.;[0;1;30;90;40mX[0;30;5;40;100m@[0;35;5;40;100m [0;1;37;97;47m.[0;1;30;90;47m: [0;35;5;40;100m8[0;34;40m@[0;1;30;90;40m8[0;34;40m%[0;31;40m%[0;34;40m.:[0;31;40mt[0;34;40m;%[0;30;5;40;100mX[0;34;40m8[0;35;5;40;100m [0;1;37;97;47mt[0;1;30;90;47m:.[0;35;5;40;100m%[0;1;30;90;40m8[0;34;40m;[0;31;40m: [0;34;40m [0;31;40m [0;34;40m;;::..:.:.:.::[0m
[0;34;40m:.:.:..:..:[0;37;5;40;100mS[0;1;30;90;47m8[0;34;40mS[0;31;40m:[0;34;40m;[0;31;40m.[0;30;5;40;100m8[0;1;30;90;47m:%@X[0;35;5;40;100m@[0;34;40m@[0;30;5;40;100mX[0;34;40mS[0;31;40m;[0;34;40m;.:;:[0;31;40m;[0;34;40mX[0;31;5;40;100mS[0;30;44m8[0;35;5;40;100m [0;1;30;90;47m:8S@[0;34;40mt...[0;30;5;40;100mX[0;34;40mt[0;31;40m:[0;34;40m:[0;32;40m.[0;1;30;90;40m8X[0;32;40m.[0;34;40m:.:.:..[0m
[0;34;40m.:.:.:::[0;31;40m.[0;35;5;40;100mt [0;1;37;97;47m8[0;37;5;47;107mS[0;35;5;40;100m8[0;31;5;40;100m@[0;34;40m;.%[0;34;5;40;100mS@@[0;30;5;40;100m@[0;34;40m8[0;30;5;40;100m@[0;34;40m:[0;31;40m:[0;34;40m:::.:.:[0;31;40m:[0;34;40m%[0;31;5;40;100mS[0;30;44m8[0;35;5;40;100mX[0;34;5;40;100m8S[0;30;5;40;100m@[0;34;40m: [0;1;30;90;40m8[0;1;30;90;47m%[0;1;37;97;47m@[0;35;5;40;100m.8[0;33;5;40;100m [0;35;5;40;100m%[0;1;30;90;47m%[0;35;5;40;100mt[0;31;40m%[0;34;40m;:.:.:.[0m
[0;34;40m.:.:.:.:.[0;1;30;90;40m@[0;30;5;40;100mX[0;1;30;90;45m@8[0;31;5;40;100m@[0;34;40mtt[0;1;30;90;40mX[0;34;40mS[0;30;5;40;100m8[0;1;30;90;40m8@[0;34;5;40;100m8[0;1;30;90;40m8[0;34;40m8[0;31;40mX[0;34;40m@%[0;31;40m%[0;34;40mX%[0;31;40mS[0;34;40mX[0;1;30;90;40mX[0;34;40m%S[0;30;5;40;100mX[0;1;30;90;40m8[0;34;40m@[0;30;5;40;100m8[0;1;30;90;40m@[0;34;40m8[0;1;30;90;40m8[0;34;40m%S[0;31;40mX[0;1;30;90;40m8[0;35;5;40;100m8.[0;1;30;90;47m.[0;1;30;90;45mS[0;31;40mt[0;34;40mt;.:.:.:.[0m
[0;34;40m.::.:.:.::[0;31;40m;t[0;34;40mt::[0;31;40m;[0;34;40mt[0;31;40m;[0;34;40mt;;[0;31;40m.[0;34;40m;[0;31;40m%[0;34;40mS[0;31;40mt[0;34;40m%t[0;31;40mt[0;34;40m%t[0;31;40m;[0;34;40mt[0;31;40mt[0;34;40mt;[0;31;40mt[0;34;40mt:t[0;31;40m;[0;34;40mt[0;31;40mt[0;34;40m%%t[0;32;40m.[0;31;40m:;[0;34;40m.:.:.:.:.:.[0m
[0;34;40m.:.:.:::.:;;:[0;31;40m:[0;34;40m;::::.:::;:[0;32;40m:[0;34;40m:[0;32;40m;[0;34;40m;[0;32;40m;[0;34;40m;:::[0;31;40m:[0;34;40m:;.::[0;32;40m:[0;34;40m;:[0;32;40m:[0;31;40m:[0;34;40m:::::.:.:.:.:.:[0m
[0;34;40m:.:.:..:.:..::.:.:[0;32;40m:[0;34;40m:.:..:::::[0;31;40m:[0;34;40m::[0;32;40m:[0;34;40m:::.:.::.::::.::.:::.::.:.:[0m
[0;34;40m:.:.:.:.:.:.:.:.:::::[0;31;40m.[0;34;40m::::.:::.:::.:.::.:.::.:.:.:...:.:.::.[0m
