[0;34;40m::::::::::::::::.::::::::::::::::::::::.:::::.:::::::::::::.[0m
[0;34;40m:::::::::::::::::::::::::::::.[0;1;30;90;40m8[0;32;40mt[0;34;40m;:::::::::::::::::::::::::::[0m
[0;34;40m:::::::::::::::::::::::::::::;[0;1;30;90;47m;[0;1;37;97;47mX[0;33;5;40;100m8[0;34;40m.[0;30;5;40;100mS[0;33;5;40;100mX[0;30;5;40;100m@[0;34;40m;:::::::::::::::::::::.[0m
[0;34;40m::::::::::::::::::::::::::::[0;32;40m:[0;31;40m:[0;33;42m8[0;37;43m@[0;32;5;40;100m8[0;33;5;40;100m [0;37;5;47;107m.[0;1;37;97;47m8[0;33;5;40;100m [0;32;40mS[0;34;40m;:::..:::;.:::::::::::[0m
[0;34;40m::::::::::::::::::::::::.:[0;31;40mt[0;35;41m@[0;33;5;40;100m [0;31;5;41;101m8[0;35;5;40;100m@[0;30;42m8[0;36;5;40;100m8[0;32;5;40;100m8[0;32;40m8[0;32;5;40;100m@[0;32;40m;[0;34;40mt:[0;31;40m:[0;33;5;40;100m.X[0;32;40mt[0;1;30;90;47m;[0;1;33;93;47mS[0;1;30;90;47mX[0;33;5;40;100m%[0;1;30;90;40mX[0;32;40m:[0;34;40m;:::::::::.[0m
[0;34;40m:::::::::::::::::::::::[0;32;40m;[0;33;5;40;100mt[0;32;5;40;100m8[0;31;40m;[0;1;30;90;41mS[0;31;45m8[0;1;30;90;41mS[0;31;5;40;100mX[0;34;40m@[0;34;5;40;100mS[0;34;40m:[0;1;30;90;40m8[0;1;33;93;47mS[0;1;37;97;47m [0;32;5;40;100m8[0;32;40m:[0;1;30;90;40m8[0;32;5;40;100mX[0;32;40mX[0;36;5;40;100m8[0;34;40m8[0;1;30;90;46m8[0;32;5;40;100m8[0;1;30;90;42m@[0;34;40m:::::::::::::[0m
[0;34;40m:::::::::::::::::::[0;32;40m;[0;1;30;90;40m8[0;32;40mX[0;31;40m:[0;34;40m;[0;1;30;90;43m8[0;33;47m8[0;1;30;90;43m8[0;36;5;40;100m8[0;34;40mS@X[0;33;5;40;100mt[0;33;42m8[0;32;5;40;100mX[0;32;40m%[0;36;5;40;100m8[0;36;42m8[0;1;30;90;40mX[0;34;40mt[0;36;5;40;100m8[0;1;30;90;40m@[0;1;30;90;41mS[0;1;30;90;47m8[0;1;30;90;45m8[0;33;5;40;100m8[0;32;40m8[0;31;40mt[0;34;40m;:::::::::::.[0m
[0;34;40m::::::::[0;1;30;90;40mX%[0;34;40mt[0;31;40mt[0;34;40m;:[0;32;40m.[0;34;40m;[0;31;40m;[0;34;40m;:[0;32;40m%[0;33;5;40;100m;[0;36;5;40;100m;S@[0;30;42m@[0;1;30;90;46mS[0;32;5;40;100m8[0;31;5;40;100m8[0;36;5;40;100m:[0;31;40m8[0;32;5;40;100mX[0;36;5;40;100m8%8[0;34;40m:[0;35;41mS[0;1;31;91;45m8[0;35;5;40;100mS8[0;30;41m@[0;1;30;90;41m8[0;1;31;91;45m8[0;35;41m8[0;1;31;91;41m8[0;31;45m8[0;34;40m;;:::::::::::::[0m
[0;34;40m::::::::[0;33;5;40;100mX [0;1;33;93;47m%[0;1;37;97;47mS[0;1;30;90;43m8[0;32;40mS[0;33;5;40;100m;[0;1;37;97;47mt[0;1;30;90;43m8[0;32;40mX[0;34;40mt[0;1;30;90;40mS[0;32;5;40;100m88[0;36;5;40;100mX[0;35;5;40;100m;[0;1;30;90;41m8S[0;35;41m@8[0;31;45m8@[0;35;41m@[0;33;5;40;100m.[0;1;31;91;43m8[0;31;45m8[0;35;41mS[0;31;40mS[0;31;5;40;100m8[0;31;40mX[0;34;40mX[0;31;45m8[0;31;5;40;100m@[0;34;40mt[0;32;5;40;100m@[0;32;40m%[0;34;40m:::::::::::::::.[0m
[0;34;40m:::::::::[0;32;40mtS[0;1;30;90;42m8[0;36;5;40;100m:[0;32;5;40;100m8[0;33;5;40;100mt[0;37;5;42;102m8[0;32;5;40;100m8[0;34;40m.:..[0;30;42m8[0;31;40m8[0;31;45m8[0;35;5;41;101mt[0;1;31;91;45m8[0;35;5;40;100m8[0;31;40m8[0;1;30;90;45m8[0;31;5;40;100m8[0;30;41m8[0;31;45m8[0;35;41m8@[0;1;30;90;41m8[0;32;5;40;100mS[0;36;5;40;100m8[0;34;40m [0;31;40m.[0;33;5;40;100mX[0;36;5;40;100m:[0;1;30;90;42m8[0;36;5;40;100m 8[0;32;40m.[0;1;30;90;43m8[0;33;47m88[0;1;30;90;43m8[0;32;40mS[0;34;40m;:::::::::[0m
[0;34;40m:::::::::;;[0;32;5;40;100m8@[0;36;5;40;100m8[0;1;30;90;42m8[0;1;30;90;40m8[0;35;41m8[0;37;5;40;100m;[0;31;5;41;101mS[0;1;30;90;41m8[0;32;5;40;100mX[0;1;30;90;47m8[0;36;5;40;100m%[0;1;30;90;40m8[0;34;40mX[0;30;5;40;100m8[0;31;40m.[0;1;30;90;41m8[0;35;41m8[0;34;40m%[0;1;30;90;40m@[0;1;30;90;41m8[0;31;45m8[0;34;40mS.%[0;36;5;40;100m8[0;32;5;40;100mX[0;36;5;40;100m8[0;32;5;40;100m8@[0;34;5;40;100mX[0;32;40m8[0;34;5;40;100m@[0;36;5;40;100m8[0;32;5;40;100m8[0;1;30;90;42mX[0;30;42m@[0;34;40mS[0;32;40mt[0;34;40m;::::::::.[0m
[0;34;40m::::::::::[0;32;40mX[0;33;5;40;100m@[0;1;30;90;42m8[0;35;5;40;100m8[0;31;45m8[0;1;30;90;41m8[0;31;45m8[0;35;41m8[0;31;45m8[0;35;5;40;100mX[0;33;5;40;100mt8[0;1;30;90;46m%[0;34;40mS[0;32;5;40;100m8[0;36;5;40;100m [0;1;30;90;46mX[0;34;40m8%X[0;30;5;40;100m8[0;30;44m8[0;30;42m8[0;1;30;90;40m8X[0;35;41mX[0;1;30;90;45m8[0;31;5;41;101m8[0;34;40mX[0;35;41mX[0;35;5;41;101m@[0;1;30;90;45m8[0;35;41m@[0;1;30;90;40m8[0;1;30;90;41m@[0;37;5;40;100mt[0;35;5;41;101m8[0;1;30;90;40m8[0;34;40m:;::::::::::[0m
[0;34;40m:::::::::;;:.[0;35;41m%[0;1;30;90;41m8[0;31;45m@8[0;32;40m;[0;35;41m@[0;1;31;91;41m8[0;35;5;41;101mX@[0;34;40mtX[0;32;5;40;100mX[0;1;30;90;46mt[0;36;5;40;100m:[0;1;30;90;42m8[0;32;5;40;100mS@[0;34;40mX[0;30;5;40;100mX[0;33;47m8[0;1;30;90;47m8[0;1;30;90;46mS[0;1;30;90;41mt[0;35;41m8[0;31;5;40;100m@[0;35;5;40;100m8[0;34;40mS[0;31;40m@[0;1;30;90;41m8[0;1;31;91;41m8[0;1;30;90;45m8[0;1;31;91;41m8[0;31;45m8[0;35;5;41;101mX[0;1;30;90;41m8[0;34;40m:::::::::::.[0m
[0;34;40m:::::::::::::;t[0;31;40mt[0;34;40mt[0;32;40m:[0;1;30;90;40m8[0;35;5;40;100m8[0;1;30;90;40m8[0;1;30;90;41m8@[0;31;5;40;100m8[0;35;41mX[0;34;40mS[0;1;30;90;40m8[0;34;40m@[0;36;5;40;100m88[0;32;5;40;100m8[0;1;30;90;46m8[0;32;46m8[0;30;42m8[0;34;40m%[0;32;40m:[0;34;40mS[0;31;40m8[0;31;45m8[0;30;5;40;100m@[0;34;40mX[0;1;30;90;41m8[0;1;30;90;45mX[0;35;41m%[0;31;5;40;100m8[0;1;30;90;40m8@[0;34;40m;::::::::::::[0m
[0;34;40m::::::::::::[0;1;30;90;40m@[0;32;5;40;100mS[0;32;40m%[0;32;5;40;100mX[0;33;5;40;100m;[0;36;5;40;100m:[0;32;40m8[0;33;5;40;100mt[0;32;5;40;100m@[0;31;5;40;100m8[0;31;45m8[0;35;41m@[0;31;45m8[0;31;5;41;101m%[0;1;30;90;45m8[0;1;30;90;41m8[0;31;40m8[0;33;5;40;100mS[0;30;5;40;100m8[0;1;30;90;40m8[0;36;5;40;100m;.8[0;31;40m.[0;34;40mX[0;31;5;40;100mS[0;35;5;40;100m [0;1;30;90;45m8[0;1;30;90;41m%[0;34;40mt[0;31;40m%[0;36;5;40;100m@8 [0;33;5;40;100mS[0;1;30;90;42m8[0;34;40m;:::::::::::[0m
[0;34;40m:::::::::.[0;33;5;40;100m@[0;33;47m8[0;1;32;92;47m8[0;37;5;40;100m%[0;1;30;90;47mX[0;36;5;40;100m8[0;32;40mX[0;36;5;40;100m8;[0;30;42m8[0;34;40m%[0;32;5;40;100m8[0;1;30;90;40m8[0;30;42m8[0;1;30;90;45m%[0;35;41m@@8[0;35;5;41;101m [0;1;30;90;45m8[0;35;5;41;101m [0;1;30;90;45m8[0;1;30;90;46m@[0;32;40m:S[0;33;5;40;100mt[0;34;5;40;100mX[0;31;45m8[0;35;5;41;101mt:[0;1;30;90;45m@[0;35;41mS[0;35;5;41;101m:[0;35;5;40;100m [0;31;45m@[0;33;5;40;100m;[0;1;30;90;42m8[0;32;5;40;100m8[0;31;40m.[0;34;40m::::::::::.[0m
[0;34;40m::::::::::[0;32;40mS[0;30;42m8[0;32;40m@[0;1;30;90;45m8[0;31;5;41;101m.[0;35;5;41;101m%[0;1;30;90;45m8[0;30;41m8[0;31;5;40;100m8[0;34;40mX[0;1;30;90;40m8[0;34;40m8[0;36;5;40;100m8[0;34;40m@[0;32;40m8[0;32;5;40;100m@[0;34;40mX[0;1;30;90;40m8[0;1;30;90;45mX[0;35;41m8[0;35;5;40;100m8[0;34;40mSS[0;34;5;40;100mS[0;1;30;90;40m@[0;32;40m8[0;34;40mX[0;1;30;90;40m@[0;1;30;90;45m%%[0;1;30;90;41m8[0;1;30;90;40m8[0;1;30;90;45mt[0;35;41m8[0;1;31;91;45m8[0;31;40mX[0;32;40m;[0;34;40m::::::::::::.[0m
[0;34;40m:::::::::;t%;[0;31;40mt[0;1;30;90;40m8[0;34;40mX[0;1;30;90;41m8[0;31;45m@[0;35;41mX@[0;35;47m8[0;1;31;91;41m8[0;1;30;90;45m8[0;31;5;40;100m8[0;34;40m8[0;34;5;40;100mX[0;32;40m%[0;34;40mX[0;32;40mS[0;36;5;40;100m8[0;34;40mS[0;1;30;90;40m@8[0;34;40mS[0;36;5;40;100m8[0;34;40mX[0;32;40m%[0;34;40m:[0;31;40m:[0;34;40mt%[0;31;40m;;t[0;32;40mt[0;34;40mt;:::::::::::::[0m
[0;34;40m:::::::::::::;;;:[0;31;40m:[0;32;40m:[0;31;40m@[0;35;41m8[0;35;5;40;100m8[0;31;40mX[0;34;40m:[0;32;40m:[0;34;40m.8[0;32;5;40;100mS[0;30;44m8[0;34;40m8[0;32;40m%[0;36;5;40;100m8[0;34;40m%[0;32;40m: [0;34;40m:;:;[0;31;40m;[0;34;40m;;;;;::::::::::::::.[0m
[0;34;40m:::::::::::::::::;;;[0;32;40m.[0;34;40m.::::[0;32;40m:[0;34;40mt[0;36;5;40;100m8[0;34;40m8[0;1;30;90;44m8[0;34;40m@[0;32;40m;[0;34;40m;:::::;::::::::::::::::::::[0m
[0;34;40m:::::::::::::::::::::::::;:.[0;34;5;40;100mS[0;32;40m8[0;30;44m8[0;30;5;40;100mX[0;34;40m;::::::::::::::::::::::::::.[0m
[0;34;40m::::::::::::::::::::::::::.X[0;36;5;40;100m8[0;30;44m8[0;1;30;90;40m8[0;34;40m8[0;32;40m;[0;34;40m;::::::::::::::::::::::::::[0m
[0;34;40m::::::::::::::::::::::::::[0;32;40mX[0;36;5;40;100m8[0;36;44m8[0;32;40m8[0;36;44m8[0;30;5;40;100mS[0;34;40m%[0;32;40m;[0;34;40mt:::::::::::::::::::::::::[0m
[0;34;40m:::::::::::::::::::::::t[0;36;5;40;100m88[0;36;44m8[0;34;5;40;100mS[0;1;30;90;46mS8X;S[0;34;5;40;100mS[0;1;30;90;46m:[0;34;40m..::::::::::::::::::::::.[0m
[0;34;40m:::::::::::::::::::::::..  [0;32;40m [0;34;40m%[0;34;5;40;100m@[0;34;40m%..  :::::::::::::::::::::::::[0m
