[0;34;40m.::.:.:.:..:.::.::.:.:.::.:.:.:.:.:.:.:.::.:::::.::.::.::.:.[0m
[0;34;40m.:.:.:.:.::.:.:.:.:.:.:...::...:.:..:.::.t[0;32;40m;[0;34;40m8[0;32;40mS[0;34;40m;[0;1;30;90;46m8[0;34;40m8[0;32;40m;[0;30;5;40;100m8[0;34;40m;;[0;1;30;90;40m8[0;34;40m::..:.:[0m
[0;34;40m.:.:..:.:.:.:.:.:..[0;31;40mt[0;1;30;90;40m8[0;32;40m.[0;34;40m.[0;1;30;90;40m@[0;33;47m8[0;37;5;40;100m8[0;31;5;40;100mX[0;36;5;40;100m:[0;1;30;90;47m%%[0;36;5;40;100m [0;34;40m:[0;31;40mt[0;1;30;90;47mX[0;1;37;97;47mX[0;33;5;40;100m@[0;34;40m...:[0;32;40m.[0;1;30;90;40m8[0;1;30;90;46mX[0;30;5;40;100m8[0;34;40m8[0;37;46mX[0;37;5;47;107m [0;36;47m8[0;34;5;40;100mS[0;34;40mS[0;1;30;90;46m%@[0;34;40mS[0;32;40m:[0;34;40m:::.:.[0m
[0;34;40m.::.:.::.:.::.::.:[0;32;40m.[0;33;5;40;100m@[0;1;33;93;47mX[0;37;43m8[0;31;40m@[0;31;5;40;100m8[0;1;30;90;43m8[0;1;37;97;47m8[0;37;5;47;107m.[0;1;33;93;47mS[0;37;5;47;107m%tt[0;1;37;97;47mt8[0;33;47m8[0;33;5;40;100m:[0;35;5;40;100mS[0;1;30;90;40m@[0;1;30;90;47m:[0;36;5;40;100m [0;34;40m:[0;1;30;90;40m8[0;36;5;40;100m8[0;34;40m;[0;1;30;90;46mX[0;37;5;46;106m8[0;37;5;47;107m;  [0;37;5;46;106mS[0;1;36;96;46m%[0;34;40mt[0;30;5;40;100m8X[0;34;40m%[0;32;40m:[0;34;40m:.:::[0m
[0;34;40m:..:.:..:.:.:..::.[0;31;40mt[0;33;5;40;100mS[0;1;30;90;43m8[0;33;47m8[0;37;5;43;103m8[0;37;5;47;107m8[0;37;5;43;103m888[0;37;5;47;107m%...:[0;37;5;43;103m%[0;37;5;47;107m:::[0;1;37;97;47mS[0;1;30;90;47mS[0;37;5;40;100m@[0;1;30;90;40m8[0;34;40m8[0;32;40mS[0;34;46m8[0;37;5;46;106m@[0;37;5;47;107m8t[0;37;5;46;106mS@[0;37;5;47;107mX[0;37;5;46;106m8[0;1;30;90;46m8[0;34;40m8[0;36;5;40;100m8[0;32;40m;[0;34;40m;:.:..[0m
[0;34;40m.:.:.::.:.:..::.:[0;1;30;90;40m8[0;33;5;40;100m8[0;1;30;90;43m8[0;1;33;93;47m%[0;37;5;43;103m88[0;1;33;93;5;47;107m8[0;37;5;47;107m8[0;37;5;43;103m8[0;37;5;47;107m8[0;1;37;97;5;43;103m@[0;37;5;47;107mXS[0;37;5;43;103m%[0;37;5;47;107m8t:@[0;1;33;93;47mS[0;37;5;47;107m X[0;1;37;97;47m%[0;1;30;90;47mX[0;36;5;40;100m S[0;1;30;90;46mS[0;34;46mt[0;36;5;46;106m [0;37;5;46;106m8[0;1;37;97;47mS[0;1;37;97;5;46;106m8[0;37;5;46;106m8[0;1;34;94;46m8[0;1;30;90;46mt[0;34;40m@[0;36;5;40;100m8[0;34;40m;.:.::.[0m
[0;34;40m.:.:.:.:.:.::..:[0;1;30;90;40mX[0;1;30;90;43m8[0;1;33;93;47mS[0;1;37;97;5;43;103m8[0;37;5;43;103m8[0;37;5;47;107m8[0;1;31;91;5;43;103m@[0;1;37;97;5;43;103m8[0;37;5;47;107m88%@[0;1;37;97;5;43;103m8[0;37;5;43;103m8[0;1;33;93;47m8[0;1;33;93;5;41;101m8[0;37;5;47;107m%;[0;37;5;43;103m8[0;1;33;93;47m8S[0;37;5;47;107mt: [0;36;5;40;100m [0;34;40m::X[0;1;30;90;44m%[0;34;46m8@[0;36;44m88[0;30;44m8[0;32;40m;[0;1;30;90;40m8[0;1;30;90;46m8[0;36;5;40;100m8[0;34;40m :..:.[0m
[0;34;40m.::.:.:.::.:.::[0;30;5;40;100mX[0;31;5;40;100m@X[0;33;5;40;100m:[0;37;5;41;101m8[0;1;33;93;47mX[0;1;37;97;5;43;103m8[0;1;37;97;47m [0;37;5;43;103m8[0;1;33;93;5;47;107m8[0;37;5;43;103m8[0;33;5;41;101mS[0;33;5;40;100m@[0;30;41mS[0;1;30;90;41m8[0;1;33;93;47m@8[0;1;31;91;43m8[0;33;5;40;100m@[0;35;41mS[0;1;30;90;45m8[0;37;5;43;103m8[0;1;37;97;47m@[0;37;5;47;107m; [0;1;30;90;47m8[0;31;40mt[0;34;40m;[0;31;40mX[0;1;30;90;43m8[0;37;5;40;100m@[0;33;5;40;100m%t[0;33;47m8[0;31;40m8[0;34;40m;:...:.:.:[0m
[0;34;40m.:.:.:.:..:.:[0;32;40m.[0;34;40m:[0;1;30;90;40m8[0;33;5;40;100mt[0;1;30;90;47m@[0;1;37;97;47m  [0;37;5;41;101m88[0;1;37;97;5;43;103m8[0;37;5;47;107m8[0;1;31;91;5;43;103m8[0;1;37;97;47m  [0;30;5;40;100m8[0;30;44m8[0;33;5;40;100m [0;37;5;47;107m8[0;1;33;93;47m%[0;1;30;90;47mX[0;31;5;40;100m@[0;34;40m8[0;37;5;40;100m8[0;1;33;93;47m@[0;37;5;43;103m8[0;1;31;91;47mX[0;1;30;90;43m8[0;35;5;40;100mt[0;32;40m;[0;34;40m;[0;1;30;90;40m@[0;31;5;40;100mX[0;1;30;90;41m@[0;1;30;90;43m88[0;1;30;90;41m8[0;34;40m;[0;32;40m:[0;34;40m::.:.:.:.[0m
[0;34;40m:.:.:.:.:.:.::[0;31;40m.:tX[0;30;41m8[0;1;30;90;41m8[0;33;5;40;100m:[0;35;47m@[0;37;5;41;101m8[0;37;5;43;103m8[0;1;33;93;5;47;107m8[0;37;5;43;103m8[0;37;5;47;107m8t8.[0;1;37;97;5;43;103m8[0;37;5;47;107mX:.[0;1;37;97;47m%[0;37;5;47;107m:[0;1;33;93;47m8S[0;1;37;97;47mS[0;1;30;90;41m8[0;31;40m.[0;34;40m:[0;31;40m:[0;34;40m:[0;31;40m%[0;31;5;40;100m8[0;1;30;90;41m@[0;34;40m;[0;31;40m:[0;34;40m:::.:.:.:.:[0m
[0;34;40m.:.:.:.::.:.:.:::.[0;32;40m.[0;31;40m.8[0;1;30;90;43m8[0;33;47m8[0;37;5;41;101m8[0;1;30;90;41m8[0;33;5;41;101mt[0;1;33;93;47mSS[0;1;37;97;47m8[0;1;37;97;5;43;103m8[0;37;5;47;107m8[0;37;5;43;103m8[0;1;33;93;47mSSX@[0;31;5;40;100m@[0;30;41m@[0;1;30;90;41m8[0;32;40m:[0;34;40m::::[0;1;30;90;40m8[0;33;5;40;100m@[0;31;5;40;100m8[0;31;40m%[0;34;40m;:.:.:.:.::.[0m
[0;34;40m.:.:.:.:.:.:.::.:.:::[0;31;40m%[0;34;5;40;100m8[0;33;5;40;100mX[0;36;5;40;100m8[0;34;5;40;100mS[0;36;5;40;100m8.[0;33;5;40;100m..[0;1;37;97;47m [0;1;31;91;47mX[0;33;5;40;100m%[0;1;30;90;47m% [0;36;5;40;100m;[0;34;40mS[0;32;40m:[0;34;40m:::.[0;1;30;90;40m@[0;31;5;40;100mX8[0;33;5;40;100mt@[0;30;5;40;100m8[0;31;40m:[0;34;40m::.:.:.:.:.[0m
[0;34;40m.:.::.:.:.:.:.:.:.:[0;32;40m.[0;34;40m%[0;36;5;40;100m8[0;32;40m8[0;1;30;90;44m8[0;32;46m@[0;1;30;90;46m@8[0;36;47m88[0;1;30;90;47m [0;36;47mS[0;1;36;96;47m@[0;36;47m8[0;1;36;96;47m88[0;36;47m@[0;37;5;40;100m@[0;1;30;90;40m@[0;34;40m.[0;32;40m..[0;33;5;40;100m:[0;1;37;97;47m8[0;1;33;93;47mX[0;33;47mX[0;1;37;97;47m [0;37;5;47;107m;t[0;31;40m8[0;32;40m;[0;34;40m:.:.:.:.:.[0m
[0;34;40m:.:.:.:.:.:.::.::[0;32;40m.[0;34;40mt[0;36;5;40;100m8[0;30;5;40;100m@[0;34;5;40;100mX[0;1;30;90;46m8[0;36;5;40;100m@tX[0;30;5;40;100mX[0;1;30;90;46m.[0;1;30;90;42m8[0;1;30;90;46m:[0;36;5;40;100m88[0;1;30;90;46mX8[0;32;5;40;100mX[0;36;5;40;100m%[0;37;5;47;107m%[0;1;37;97;47mS[0;36;5;40;100m [0;1;37;97;47m.@X.[0;1;30;90;41m8[0;1;31;91;47m8[0;37;5;47;107m8[0;1;37;97;5;43;103m@[0;1;33;93;47mX[0;31;40m8[0;32;40m;[0;34;40m;.:.:.:.:.[0m
[0;34;40m.:.:.:.:.:.:[0;31;40m.[0;34;40m::[0;32;40m:[0;1;30;90;40m8[0;36;5;40;100m88[0;30;5;40;100mS[0;1;30;90;46m8[0;37;5;47;107m::X[0;1;30;90;46m8[0;1;30;90;44m8[0;30;42m8[0;34;5;40;100mS[0;36;5;40;100m8[0;1;30;90;43m8[0;33;5;42;102mt[0;1;30;90;47m8[0;1;30;90;43m8[0;1;33;93;47m8[0;1;32;92;47m8[0;1;30;90;46m8[0;36;47m8[0;37;5;47;107mt%[0;1;37;97;47m8[0;1;36;96;47mS[0;37;5;40;100m8[0;36;5;40;100m@[0;31;5;40;100mS[0;1;30;90;41m8[0;33;41mS[0;30;41m8[0;31;40m%[0;34;40m%::.:.:.:.:.[0m
[0;34;40m.::.:.:.:.::::[0;32;40m.[0;34;40mX[0;36;47m8[0;37;46m@[0;30;42m8[0;1;30;90;44m8[0;1;37;97;47m8[0;37;5;47;107m  [0;37;46m8[0;34;40mX[0;36;5;40;100m8[0;30;44m8[0;32;46m8[0;1;30;90;43m8[0;33;47m8[0;1;33;93;47m8[0;37;5;43;103m8[0;1;33;93;47m88[0;37;5;43;103m8[0;33;42m8[0;34;40m8[0;1;30;90;46m.[0;34;40m8[0;1;30;90;46mt[0;34;40m%..[0;1;30;90;41m8[0;37;43m8[0;31;5;40;100m8[0;34;40m;;[0;32;40m;[0;34;40m::.:..:.:.:[0m
[0;34;40m.:.:.:.:.:.[0;32;40m:[0;34;40m;[0;36;5;40;100m@;[0;36;47m8[0;1;30;90;46m8t[0;34;40mt[0;32;5;40;100mS[0;1;36;96;47m@[0;1;37;97;47m8[0;1;36;96;47m@[0;36;5;40;100m;[0;34;40mS[0;32;40m%[0;31;5;40;100m8[0;1;30;90;40m8[0;32;40m8%[0;33;5;40;100m%[0;33;47m8[0;32;43m8[0;1;30;90;43m8[0;37;43m8[0;32;5;40;100m8[0;32;40m8[0;31;40m;[0;32;40m.[0;31;40m [0;34;40m..[0;1;30;90;40m8[0;33;5;40;100m8[0;1;30;90;43m8[0;30;41m8[0;34;40m;[0;32;40m:[0;34;40m;.:.:.::[0;31;40m.[0;34;40m::.[0m
[0;34;40m.:.:.:.:.::[0;36;5;40;100mt[0;36;47m@[0;1;36;96;47m8[0;37;46m@[0;1;30;90;46m;[0;32;40m8[0;34;40m8[0;1;30;90;40mX[0;1;30;90;47m8[0;1;37;97;47m;8[0;37;5;47;107mt[0;1;37;97;47m8[0;33;47m8[0;1;30;90;41m@[0;1;30;90;40m8[0;33;5;40;100mt.[0;37;43m8[0;1;30;90;46m8[0;32;5;40;100m8S[0;33;5;40;100m.[0;33;47m8[0;1;33;93;47m8[0;33;47m8[0;1;30;90;42m8[0;31;40m.[0;34;40m:..[0;30;41m8[0;33;5;40;100m.[0;31;5;40;100m8[0;32;40m:[0;34;40m;:.:.:.:.:::.:[0m
[0;34;40m.::.:.::[0;31;40m.[0;1;30;90;40m8[0;1;30;90;46mX[0;37;46m8[0;36;47m8[0;37;46m8[0;1;30;90;46m@[0;32;5;40;100mX[0;30;44m@[0;1;30;90;42m8[0;34;40mt[0;30;41m8[0;33;47m8[0;1;33;93;47mS@X[0;35;41m8[0;32;40mX[0;1;30;90;46m88[0;36;5;40;100m%[0;1;30;90;42m8[0;32;40m8[0;34;5;40;100mSS[0;36;5;40;100m8[0;36;42m@[0;1;30;90;46m%[0;30;42m8[0;34;40mt:.::[0;31;5;40;100m8[0;1;30;90;43m8[0;31;5;40;100m8[0;31;40m:[0;34;40m::.:.:.:.:[0;32;40m.[0;34;40m:..[0m
[0;34;40m:.:.:..::[0;30;5;40;100mS[0;1;30;90;46m;8[0;1;36;96;47m8[0;37;46m8[0;1;30;90;46m:[0;34;40mX[0;32;46m8[0;30;44m8[0;36;5;40;100m8[0;34;40m@[0;30;5;40;100m8[0;30;41m%[0;35;41mX[0;35;5;40;100mS[0;1;30;90;47mt[0;1;36;96;47mS[0;37;5;47;107mSt[0;1;37;97;47m8[0;1;30;90;46m%[0;34;40m8[0;36;47mX[0;1;36;96;47m@[0;1;37;97;47mS8[0;37;5;47;107m:[0;1;30;90;47m8[0;34;40m.::[0;31;40m:[0;34;40mt[0;31;5;40;100m8[0;37;43m8[0;1;30;90;41m8[0;32;40m.[0;34;40m:.:.:.:.:.::::[0m
[0;34;40m:..:.::.:[0;32;40mt[0;36;5;40;100m8[0;1;30;90;46m@8[0;36;47m8[0;36;42m8[0;34;40m;;[0;32;40m;[0;34;40m:[0;32;40m%[0;34;40m%:%[0;36;5;40;100m%[0;1;30;90;46m8[0;1;37;97;47m8[0;37;5;47;107mS[0;1;36;96;47mX[0;34;40m@[0;31;40m:[0;32;40m;[0;36;5;40;100m8[0;36;47mS[0;1;36;96;47mS[0;1;37;97;47m8X[0;36;5;40;100mt[0;34;40m.::[0;31;40m.[0;31;5;40;100m8[0;1;30;90;43m8[0;1;30;90;41m8[0;34;40m::.::.:.:.:.:...[0m
[0;34;40m.:.::.:.:: [0;32;40m;[0;1;30;90;46m88[0;36;5;40;100m8[0;34;40m.:::;.[0;31;40mS[0;33;5;40;100mt[0;1;30;90;43m8[0;33;5;40;100m.[0;1;30;90;43m8[0;33;47m8[0;1;30;90;43m8[0;31;40m%[0;34;40mt[0;31;40mt[0;31;5;40;100m@[0;35;5;40;100mS[0;33;5;40;100m%[0;1;30;90;43m8[0;33;47m8[0;1;30;90;41mX[0;32;40m.[0;34;40m::.[0;31;40m8[0;33;47m8[0;1;30;90;41m8[0;32;40m.[0;34;40m:.:.:.:.:.:[0;31;40m.[0;34;40m:::[0m
[0;34;40m.::.:.:.:.:;[0;32;40m%[0;34;5;40;100mX[0;32;40m:[0;34;40m:::.::[0;1;30;90;40mS[0;1;30;90;41m888[0;35;5;40;100m%[0;33;41m8[0;31;5;40;100m8[0;34;40m::%[0;1;30;90;41m8@8[0;31;5;40;100m@[0;1;30;90;43m8[0;1;30;90;41m8[0;34;40m...[0;1;30;90;40m8[0;33;5;40;100mX[0;1;30;90;41m8[0;1;30;90;40m8[0;31;40m.[0;34;40m:.:.:.:.:.::..:[0m
[0;34;40m.:..:.::...:.[0;32;40m.[0;34;40m:....[0;32;40m.[0;31;40m;[0;30;5;40;100m8[0;31;5;40;100m8[0;33;5;40;100mX[0;37;43m@[0;1;31;91;43m8[0;33;5;40;100m%[0;34;40m...[0;31;40m.[0;1;30;90;40mS[0;31;5;40;100m8[0;33;5;40;100m@[0;37;43m8[0;1;30;90;43m8[0;33;5;40;100mt[0;1;30;90;47m@[0;31;5;40;100mS[0;31;40m 8[0;1;30;90;43m8[0;33;5;40;100m@[0;31;40mt[0;34;40m....[0;32;40m.[0;34;40m.::.:.:[0;32;40m.[0;34;40m::.[0m
[0;34;40m.::.:.:[0;32;40m.[0;34;40mS[0;36;5;40;100m8[0;1;30;90;40m8[0;36;5;40;100m8[0;34;40m8[0;36;5;40;100m8[0;1;30;90;40m8[0;1;30;90;46mX[0;36;5;40;100m88888%S .%X88888X;[0;35;5;40;100m:[0;36;5;40;100m  ;88S %888888[0;34;5;40;100mS[0;32;40m.[0;34;40m.:.:.::.:[0m
