[0;34;40m..:...:...:...:...:...:...:..:...:...:...:...:..:...:...:...[0m
[0;34;40m.:.:.:..:..:.:.:.:.:.:..:..:..:.:.:.:.:.:..:..:..:.:.:...:..[0m
[0;34;40m....:..:.:..:.......:..:.:..:..:.........:.::.:.:.:.:..:..:.[0m
[0;34;40m.::..:.:..:..:.::.:.:.:..:.:.:.:.:.:.:.:.:.[0;32;40m.[0;31;40m.[0;32;40m.[0;31;40m.[0;32;40m.[0;31;40m.[0;32;40m.[0;31;40m.[0;32;40m.[0;31;40m.[0;34;40m::.::..[0m
[0;34;40m.:.:.:..:.:.:.:..:.:.:.:..:.:.:...:.:.:..[0;31;40m;[0;33;5;40;100m:[0;1;30;90;47m@[0;33;5;40;100m [0;1;30;90;47m8[0;33;5;40;100m:[0;1;30;90;47m8[0;33;5;40;100m:[0;1;30;90;47m8[0;33;5;40;100m:[0;1;30;90;47m8[0;33;5;40;100m;[0;30;41m8[0;1;30;90;40m@[0;31;40m;[0;34;40m:.:.[0m
[0;34;40m..:...:..:...:[0;32;40m.[0;34;40m:........:......:..:.....:[0;37;5;40;100m8[0;1;37;97;47m%[0;33;41m8[0;30;41m8[0;31;40mSXSSSXS8[0;31;5;40;100mXS[0;32;40m:[0;34;40m:...[0m
[0;34;40m...:.:.:..:.:.::::.:::[0;32;40m:[0;34;40m:.:.:.:[0;32;40m.[0;34;40m:.:[0;32;40m.[0;34;40m:.::.[0;31;40mt[0;1;33;93;47mXS[0;35;41m8[0;32;40m:[0;34;40m:[0;32;40m.[0;34;40m.....:[0;32;40m.[0;34;40m::.:..[0m
[0;34;40m.:.:..:.:..:..[0;31;40m:[0;33;5;40;100mSX[0;34;40m;[0;31;40m.[0;34;40m:[0;33;5;40;100m@[0;31;5;40;100mS[0;33;5;40;100mS[0;34;40m;[0;31;40m:[0;34;40m:.:.::::.:.:..:[0;31;40m;[0;35;5;40;100m:[0;37;5;47;107m8[0;1;33;93;47m8[0;30;41m8[0;34;40m::....:::.:..:.[0m
[0;34;40m.:..:..:[0;32;40m.[0;34;40m:.:[0;32;40m:[0;34;40m.[0;37;5;40;100mX[0;33;47mS[0;1;37;97;47m [0;1;33;93;47mX[0;1;30;90;41m8[0;1;30;90;47m8@[0;1;31;91;47mX[0;1;37;97;47m S[0;33;5;40;100m8[0;31;40m:.[0;34;40m.[0;1;30;90;40mS88@8[0;31;40mt[0;32;40m:[0;34;40m:.:.:[0;31;40mt[0;30;41m8[0;31;5;41;101m8[0;1;37;97;47m :[0;33;5;40;100mS[0;31;40mt[0;34;40m:::....:.:.:.[0m
[0;34;40m..:..:[0;32;40m.[0;34;40m:::[0;31;40m:[0;32;40m.[0;1;30;90;40m@[0;33;5;40;100m [0;1;37;97;47mS[0;37;5;47;107m888S[0;1;33;93;47mS[0;35;5;41;101m:[0;35;5;40;100m.[0;1;33;93;47m@[0;1;37;97;47m [0;1;31;91;41m8[0;1;30;90;40m8[0;36;5;40;100mt[0;1;30;90;47m%[0;1;37;97;47m8[0;37;5;47;107mt%t.[0;1;37;97;47m8[0;1;30;90;47m.S[0;31;40m.[0;32;40m.[0;31;40m:[0;34;40m;:;[0;32;40m;[0;1;30;90;41m8[0;1;37;97;47m [0;37;5;47;107m8[0;33;41m8[0;34;40m:..:.:.......[0m
[0;34;40m.:..:.:.[0;31;40m.[0;1;30;90;40mS[0;33;5;40;100m;[0;1;30;90;47mS[0;37;5;47;107m@;8[0;31;43m%[0;33;47m8[0;1;30;90;47m8[0;37;5;47;107m@@[0;1;37;97;47m@[0;1;31;91;47mX[0;1;37;97;47m [0;37;5;47;107m8[0;1;37;97;47mtS[0;37;5;47;107mX%[0;1;37;97;47m88[0;37;5;47;107m;[0;37;5;43;103mX[0;37;5;47;107mS[0;1;37;97;47m8[0;37;5;47;107m:[0;1;37;97;47m8[0;1;33;93;47mS[0;1;37;97;47m;[0;33;5;40;100m@[0;34;40mt[0;32;40m:[0;34;40m:;[0;31;40mS[0;33;41mX[0;1;33;93;47mS[0;1;37;97;47mt[0;33;5;40;100m%[0;31;40mt[0;34;40m:..:.:.:.:.[0m
[0;34;40m.:.:[0;32;40m.[0;34;40m:[0;31;40m.[0;34;40m.[0;33;5;40;100mt[0;1;30;90;47m@[0;1;37;97;47m:@[0;37;5;47;107m%%[0;1;33;93;5;47;107m8[0;1;30;90;47mSX[0;1;37;97;47mt[0;37;5;47;107mS[0;1;33;93;5;47;107m8[0;37;5;47;107m8S[0;1;33;93;5;47;107m8[0;37;5;47;107m8XS[0;37;5;43;103mX[0;37;5;47;107m%;[0;37;5;43;103mt[0;37;5;47;107mSS%[0;37;5;43;103m%[0;37;5;47;107m%t[0;1;37;97;47m8[0;37;5;47;107m%%[0;1;37;97;47m@[0;33;5;40;100m@[0;31;40m:[0;34;40m::[0;31;40m;[0;35;47m8[0;37;5;43;103m8[0;1;37;97;47m [0;30;41m8[0;34;40m:.:[0;32;40m.[0;34;40m:...:.:[0m
[0;34;40m..:.:[0;31;40m.[0;1;30;90;40m8[0;33;5;40;100m.[0;30;41m8[0;35;5;40;100m;[0;1;31;91;47m8[0;1;33;93;47mX[0;37;5;47;107mX[0;1;33;93;47m@[0;1;37;97;47m [0;37;5;47;107mXS[0;1;33;93;5;47;107m8[0;37;5;47;107m8X[0;1;33;93;5;47;107m8[0;37;5;47;107m88[0;1;33;93;5;47;107m8[0;37;5;47;107m8SSS[0;1;37;97;47m8[0;37;5;47;107m;S[0;1;37;97;47m8[0;37;5;47;107m;S[0;1;37;97;47m8[0;1;37;97;5;43;103m8[0;37;5;47;107m%[0;1;37;97;47m88[0;37;5;47;107m;[0;1;37;97;47m8[0;33;5;40;100m8[0;31;40m [0;34;40m:[0;31;40m:[0;33;5;40;100m;[0;37;5;47;107m8[0;37;5;43;103m8[0;1;30;90;41m8[0;34;40m:..:.:.:[0;32;40m.[0;34;40m:.[0m
[0;34;40m.:..:.[0;30;5;40;100m8[0;1;30;90;40m@[0;34;40mt[0;33;5;40;100mS[0;31;5;40;100mS[0;33;5;40;100m:[0;1;30;90;41mS[0;1;30;90;47m88[0;33;47m88[0;1;37;97;47m [0;1;33;93;47m@S[0;1;30;90;47m8[0;37;5;47;107m8[0;1;33;93;5;47;107m8[0;37;5;47;107m8[0;1;33;93;5;47;107m8[0;37;5;47;107m8[0;1;37;97;5;43;103m8[0;37;5;47;107m@[0;1;33;93;5;47;107m8[0;37;5;47;107m@[0;37;5;43;103mS[0;37;5;47;107mt[0;1;37;97;47m8[0;1;33;93;5;47;107m8[0;37;5;47;107mSX[0;1;37;97;47m8[0;1;37;97;5;43;103m8[0;37;5;47;107m;[0;37;5;43;103mS[0;37;5;47;107mt[0;1;37;97;47m8[0;33;5;40;100m%[0;31;40m.t[0;35;5;41;101m%[0;37;5;47;107m8[0;1;37;97;47m [0;1;30;90;41mt[0;34;40m.:..:..::..[0m
[0;34;40m.:.:[0;32;40m.[0;1;30;90;40m8[0;30;5;40;100mS[0;34;40m.[0;33;5;40;100mt[0;31;40mt[0;31;5;40;100mS[0;37;5;40;100m@[0;31;40m;tS[0;30;41m8[0;35;5;40;100m8[0;31;5;40;100m8[0;1;30;90;45m8[0;35;5;40;100mS[0;33;47m8[0;1;31;91;47m@[0;1;37;97;47m.[0;37;5;47;107m88X@XXSS%[0;1;37;97;5;43;103m8[0;37;5;47;107m8S[0;1;37;97;5;43;103m8[0;37;5;47;107mSSSSX;[0;33;47mX[0;31;40m;[0;33;5;40;100m;[0;1;37;97;47m [0;1;33;93;5;41;101m8[0;1;31;91;47m8[0;31;40mS[0;34;40m;.::.:...:.[0m
[0;34;40m.:.:....:::[0;31;40m%[0;32;40m:[0;34;40m.::[0;1;30;90;40m8[0;35;5;40;100m8[0;1;30;90;41m@[0;31;5;40;100mS[0;35;5;40;100m8[0;1;30;90;47m8[0;1;37;97;47m@[0;1;33;93;5;47;107m8[0;37;5;47;107m@[0;1;33;93;5;47;107m8[0;37;5;47;107m8[0;1;37;97;5;43;103m8[0;37;5;47;107m8[0;1;33;93;5;47;107m8[0;37;5;47;107mXSX%%XS[0;37;5;43;103mS[0;37;5;47;107mSS[0;37;5;43;103mX[0;37;5;47;107m:[0;1;37;97;47m%[0;33;5;40;100mS[0;1;37;97;47m;[0;1;33;93;47mS[0;1;31;91;47m8[0;35;5;40;100m8[0;31;40m [0;34;40m......:.:.:[0m
[0;34;40m..:.:..:..:::.:.[0;31;40m:[0;30;5;40;100m8[0;1;30;90;44m8[0;1;30;90;40m8[0;31;5;40;100m8[0;35;5;40;100m%[0;33;47m8[0;1;37;97;47m S[0;37;5;47;107m88[0;1;37;97;47m@[0;1;33;93;47mX[0;33;47mS8[0;1;33;93;47m8@[0;33;47m8[0;1;33;93;47m8@[0;37;5;47;107m8@%%[0;1;37;97;47m8[0;1;33;93;47mX[0;1;30;90;47m8[0;33;5;41;101mX[0;35;47m@[0;31;5;41;101m8[0;1;30;90;40m8[0;31;40m.[0;34;40m..:.:.:[0;32;40m.[0;34;40m:.:[0;31;40m.[0m
[0;34;40m.:...:..:.....:::t[0;31;5;40;100mX[0;34;5;40;100mX[0;31;40m8[0;35;5;40;100m@t[0;33;47m8[0;1;33;93;47m88[0;1;30;90;43m8[0;31;45m8[0;35;5;40;100mS[0;31;5;40;100m8[0;35;5;40;100m88[0;1;30;90;41m8[0;35;5;40;100m8;:[0;1;33;93;47m@[0;33;47mX[0;1;33;93;47m8[0;33;47m8[0;33;5;40;100m [0;35;5;40;100mXX[0;31;5;40;100m8[0;31;40mS[0;34;40mS:.:..:..::[0;31;40m.[0;34;40m:.:[0m
[0;34;40m.:.:..:....;[0;1;30;90;40mX[0;34;40mt[0;1;30;90;40m@[0;34;40mS[0;1;30;90;40m8[0;31;5;40;100mX[0;35;5;40;100m8[0;31;5;40;100m8[0;34;40m:[0;31;40m%[0;1;30;90;47m8[0;33;47mX[0;35;47m8[0;31;45m8[0;31;5;40;100m8[0;1;30;90;40m@[0;35;5;40;100m8[0;31;5;40;100m88[0;34;40mX[0;1;30;90;40m8[0;31;40m@[0;35;5;40;100m8[0;1;30;90;41m8[0;35;5;40;100m8[0;37;5;40;100m%[0;1;30;90;47m8[0;1;30;90;45m8[0;33;5;40;100m@[0;1;30;90;41m8[0;31;40m;[0;34;40mX[0;1;30;90;40m8[0;34;40mt[0;31;40mt[0;34;40m;..:.:..::.:.[0m
[0;34;40m.:..:.:.;[0;31;40mt[0;1;30;90;40m8[0;34;40mX[0;31;40mS[0;34;40m%[0;31;40m;S[0;30;5;40;100m8[0;1;30;90;41m88[0;34;40mt[0;33;5;40;100m.[0;1;33;93;47mS[0;1;37;97;47m [0;37;5;41;101m8[0;31;5;40;100m8[0;32;40m:[0;34;40m [0;31;40m:St[0;34;40mt[0;31;40m;[0;34;40m;[0;35;5;40;100mX[0;37;5;40;100mX[0;1;30;90;47m8[0;33;47m8@[0;1;31;91;47m8[0;1;30;90;41mX[0;31;40m.[0;34;40m:;[0;31;40m:[0;34;40m;[0;1;30;90;40m8[0;34;40mX[0;31;40mS[0;34;40mX[0;31;40m%[0;34;40m;[0;32;40m:[0;34;40m::...:[0;32;40m.[0;34;40m:[0m
[0;34;40m..:..:..:;:[0;31;40m;[0;34;40mS[0;31;40m%[0;34;40mSt[0;31;40mS[0;34;40m8%[0;31;40mS@8[0;30;41m8[0;34;40mX[0;31;40mt[0;34;40m%%[0;1;30;90;40mX[0;34;40mS[0;1;30;90;40m@[0;34;40m%[0;31;40mS[0;34;40mS[0;31;40mX[0;30;41m8[0;31;40m8@@[0;34;40m%t[0;1;30;90;40m8[0;34;40mt[0;31;40mt[0;34;40m%[0;31;40mt[0;34;40mS[0;1;30;90;40mX[0;34;40m;[0;32;40m;[0;34;40m;::..:.:.:.[0m
[0;34;40m.:.:..:...::[0;32;40m;[0;34;40m;[0;32;40m;[0;34;40m;;[0;32;40m:[0;31;40m:[0;34;40mttt;[0;32;40m:[0;34;40m:[0;32;40m:[0;31;40m:[0;34;40m.[0;31;40m:[0;34;40m.::[0;32;40m;[0;34;40m:;;;;[0;31;40m:[0;34;40m..:::;[0;31;40m;[0;34;40m:::...:..:[0;32;40m.[0;34;40m:..[0m
[0;34;40m.:..:.:.::[0;32;40m:[0;34;40m::::[0;31;40m:[0;34;40m:::[0;32;40m:[0;34;40m::.::::::.:[0;31;40m:[0;34;40m;[0;32;40m.[0;34;40m::.::.:.:[0;32;40m:[0;34;40m::[0;32;40m:[0;34;40m:.::.:.:.:.:.[0m
[0;34;40m..:..:[0;32;40m.[0;34;40m:[0;32;40m.[0;34;40m::.:[0;31;40m.[0;34;40m::[0;32;40m.[0;34;40m:::..:[0;31;40m.[0;34;40m:[0;31;40m.[0;34;40m:...::.:.....:[0;31;40m.[0;34;40m:.:.::......:[0;31;40m.[0;34;40m:.:[0;31;40m.[0;34;40m:[0m
[0;34;40m..:.:.:::[0;31;40m.[0;34;40m:.::[0;32;40m.[0;34;40m::..:.:.:.:.:.:[0;32;40m.[0;34;40m:..:.:..:.:..:[0;31;40m.[0;34;40m:.:.:.:[0;32;40m.[0;34;40m:.:.:.[0m
