[0;34;40m.:.:.::.:.::.:.:.:.:.::[0;1;30;90;41mXS[0;31;5;40;100m8[0;30;5;40;100m8[0;31;40m.[0;34;40m:.:..[0;30;5;40;100mS[0;1;30;90;41m8X[0;30;41m8[0;34;40mt::.:.:.:.:.:.:.::.:.:.[0m
[0;34;40m:.:.:.:.:.:.:.:.::.:.;[0;30;5;40;100m8[0;33;5;40;100mt[0;35;5;40;100mS[0;1;30;90;47m8[0;37;5;41;101m8[0;31;5;40;100m8[0;34;40m :..[0;31;5;40;100mX[0;1;31;91;47m@[0;37;5;40;100m:[0;35;5;40;100mS[0;33;5;40;100mS[0;31;5;40;100m8[0;34;40m..:.:.:.:.::.:.:.:.:.:[0m
[0;34;40m.:.:.:.:.:.:.[0;31;40mt8[0;1;30;90;41m8X[0;34;40m::[0;31;40m:[0;35;5;40;100mS[0;1;31;91;47m8[0;37;5;41;101m8[0;33;5;40;100m [0;1;30;90;41m;[0;31;40m8;[0;34;40m.:.::[0;31;40m:X[0;30;41m@[0;1;30;90;41mS[0;35;5;40;100m [0;37;5;41;101m8[0;35;47m8[0;1;30;90;41m8[0;31;40m:[0;34;40m:[0;31;40m;[0;1;30;90;41m@X[0;31;40mX[0;34;40m;:.:.:.:.:.:..[0m
[0;34;40m.::.:.:.:::.:;;[0;1;30;90;41m@[0;31;5;41;101m%[0;30;5;40;100m8[0;34;40m.[0;31;40mX[0;1;30;90;41m@@[0;31;5;41;101m;[0;1;31;91;47mS[0;33;5;40;100m.[0;30;41m@[0;30;5;40;100m8[0;34;40m%[0;32;40m;[0;34;40m;.[0;1;30;90;40mS888[0;1;30;90;47m8[0;37;5;41;101m8[0;31;5;41;101m [0;35;5;40;100m%[0;35;41mS[0;31;40m%[0;34;40m;[0;30;41m8[0;35;5;41;101mX[0;31;5;40;100m8[0;34;40m..::.:.:.:.:.::[0m
[0;34;40m:.:.::.:...:[0;30;41m8[0;1;30;90;41m8[0;31;5;41;101m8[0;35;5;41;101mX[0;30;5;40;100m@[0;34;40m :;[0;31;40m%[0;31;5;40;100m@[0;1;30;90;45mX[0;1;31;91;41m@[0;1;30;90;45m8[0;33;5;40;100m [0;35;5;41;101mX[0;37;5;40;100mX[0;33;5;41;101m%[0;1;31;91;47m8[0;33;5;41;101m%[0;1;30;90;47m8[0;31;45m8[0;1;30;90;47m8[0;33;5;40;100m:[0;35;5;41;101m;[0;35;5;40;100m;[0;1;30;90;45m8[0;30;41mX[0;32;40m;[0;34;40m;;[0;32;40mt[0;31;5;40;100m8[0;31;5;41;101m@[0;35;41m8[0;1;30;90;41m8[0;31;40m8[0;34;40m::.:.:.::.:.[0m
[0;34;40m:.::..:.:[0;31;40m8[0;1;30;90;41m8X[0;31;40m8[0;1;30;90;40m8[0;31;5;40;100m@[0;31;40mS[0;1;30;90;41mX[0;35;41m@[0;31;40m%[0;34;40mt: [0;31;40m:[0;1;30;90;40m@[0;30;41m88[0;32;40mS[0;1;30;90;40m8[0;31;5;40;100m8[0;35;5;41;101m%[0;1;30;90;45m8[0;1;31;91;41m8[0;1;30;90;41m8[0;31;40m@@[0;1;30;90;40mX[0;31;40m8t[0;34;40m::[0;31;40m;8[0;1;30;90;41m88[0;1;30;90;40m8[0;1;30;90;41mX[0;31;40m8[0;1;30;90;41m8@t[0;31;40mX[0;34;40mt.:.:.:.:[0m
[0;34;40m.:..:..[0;31;40mS[0;1;30;90;41m@8[0;34;40m:;[0;31;40mX[0;35;41m@[0;34;40m;t:[0;31;40mt[0;1;30;90;41mX[0;35;41m8@[0;31;40mX[0;34;40m;:;;[0;1;30;90;41mX[0;31;40m@[0;31;5;40;100m8[0;1;31;91;41m8[0;1;30;90;43m8[0;1;30;90;41m@[0;31;40mS[0;1;30;90;41m8[0;34;40m;:;:[0;31;40m8[0;35;41m8[0;1;30;90;41m8[0;35;41m8[0;31;40m%[0;34;40m;:[0;31;40mS[0;1;30;90;41m8[0;34;40mt:;[0;1;30;90;41m8[0;35;41mX[0;31;40m;[0;34;40m::.:.:.[0m
[0;34;40m:.:.:::[0;31;40m%X[0;34;40mS[0;30;41mX[0;31;40mS[0;1;30;90;40m8[0;30;41m8[0;34;40mt::;;[0;31;40mt[0;1;30;90;40mX[0;31;40m8[0;1;30;90;41m8X8[0;31;5;41;101m8[0;35;5;41;101mS[0;35;5;40;100m8[0;31;40m:[0;1;30;90;40m8[0;31;40mX[0;34;40mt[0;35;41mX[0;31;5;41;101m@[0;31;45m8[0;1;30;90;41m8XX[0;31;40mS[0;1;30;90;40m@[0;31;40mt[0;34;40m;;::;[0;1;30;90;41m8[0;31;40m%@[0;30;41m8[0;31;40mX[0;34;40mS[0;31;40mS[0;34;40m;[0;32;40m:[0;34;40m::.:.[0m
[0;34;40m::.:.[0;31;40m;[0;1;30;90;41m88[0;31;40m@[0;34;40mS;[0;1;30;90;41m8[0;31;40m8[0;34;40mS.:.:[0;1;30;90;41m@[0;31;5;41;101m@[0;37;5;41;101m8[0;35;5;41;101mt[0;1;31;91;45m8[0;31;5;41;101mS[0;35;5;41;101m;[0;1;31;91;47m@[0;35;5;41;101m t%[0;31;5;40;100m@[0;1;30;90;41m8[0;31;5;41;101mt[0;35;5;41;101m%[0;1;31;91;47m8[0;33;5;41;101m [0;37;5;41;101m8[0;31;5;41;101m:[0;1;31;91;45m8[0;33;5;41;101m:[0;37;5;41;101m8[0;35;5;41;101m8[0;31;5;40;100m8[0;32;40m.[0;34;40m:.:;[0;1;30;90;41m8[0;34;40mXt[0;31;40mX[0;1;30;90;40m8[0;1;30;90;41m8@[0;34;40m::.:..[0m
[0;34;40m:.:::[0;1;30;90;41m%[0;31;40mX[0;34;40m%t[0;31;40m:[0;34;40m;[0;1;30;90;41m8[0;34;40mt.:..[0;31;40m8[0;1;31;91;45m8[0;35;5;41;101mt[0;1;30;90;45m8[0;1;30;90;41m8[0;30;5;40;100m8[0;1;30;90;45m8[0;33;5;41;101m [0;37;5;41;101m88[0;35;5;41;101m.[0;35;47m8[0;35;41mt[0;1;30;90;41m8[0;35;5;41;101m%[0;1;31;91;47m8[0;35;5;41;101m [0;37;5;41;101m8[0;35;5;41;101m [0;1;30;90;45m8[0;31;5;40;100mX8[0;31;5;41;101m@[0;35;5;41;101m;[0;1;30;90;45m8[0;30;41m8[0;34;40m:.:.:[0;35;41mS[0;34;40m;;[0;31;40m:[0;34;40m:[0;30;41m8[0;35;41m@[0;34;40m.:.:.[0m
[0;34;40m:.:[0;31;40m.[0;1;30;90;41m88[0;34;40mt:::[0;31;40mtX[0;34;40mt.:::[0;31;40mX[0;31;5;40;100m@[0;1;31;91;41m8[0;33;5;41;101mt[0;31;5;40;100m8[0;31;40m %[0;31;5;40;100m8[0;35;41m8[0;35;5;40;100m8[0;1;30;90;41m8%[0;31;40m8[0;31;5;40;100m8@[0;35;41m8[0;35;5;40;100m8[0;1;30;90;41mX[0;30;5;40;100m@[0;31;40mt[0;34;40m.[0;1;30;90;41m8[0;1;30;90;45m8[0;31;5;41;101m%[0;31;5;40;100m8[0;31;40m%[0;34;40m;.:.:[0;31;40m8[0;34;40mt:::;[0;1;30;90;41m8[0;31;40m@[0;34;40m;:.:[0m
[0;34;40m.:.:[0;31;40m8[0;34;40m%.:.:t[0;31;40m8[0;34;40mt:..[0;1;30;90;41m8[0;35;5;41;101m8X[0;1;30;90;47m8[0;1;30;90;41mX[0;34;40m.::;[0;31;40mX[0;1;30;90;41mS[0;35;41m@8[0;1;30;90;41m8[0;30;41m@[0;35;41m8S[0;1;30;90;41m%[0;31;40mS[0;34;40mt::[0;31;40m:[0;1;30;90;41m@[0;35;5;41;101m8@8[0;1;30;90;41m@[0;34;40m.:.:[0;31;40m8[0;34;40mt[0;31;40m:[0;34;40m::.[0;31;40m@8[0;34;40mt:..[0m
[0;34;40m.:::;[0;31;40m:[0;34;40m:::.;[0;31;40mt[0;34;40m;:.[0;30;41m@[0;35;5;41;101m;%[0;1;30;90;40m8[0;31;40m;[0;34;40m.:.:.;[0;31;40m;X[0;1;30;90;41m8S8[0;35;41m@[0;31;40m@[0;34;40m%;[0;31;40m:[0;34;40m:.::[0;32;40m%[0;30;5;40;100m8[0;31;5;41;101m.[0;35;5;41;101m%[0;31;5;40;100mX[0;34;40m.::t[0;31;40m;[0;34;40m;.::tt[0;32;40m.[0;34;40m::.[0m
[0;34;40m..:.:::.:.:[0;31;40m@[0;34;40mt[0;32;40m.[0;1;30;90;41m8[0;35;5;41;101m@[0;1;31;91;47m8[0;33;5;41;101m;[0;35;5;40;100m8[0;35;41mt[0;34;40m:.:.::[0;31;40m%[0;31;5;40;100m8[0;35;41m8[0;31;40m8[0;1;30;90;41m8X[0;31;40m8[0;1;30;90;40m@[0;31;40m:[0;34;40m;.:.;[0;35;41m@[0;1;30;90;41m@[0;35;5;41;101mt[0;1;31;91;47m8[0;31;5;41;101mS[0;31;5;40;100m@[0;34;40m.[0;31;40m;@[0;34;40mt[0;32;40m:[0;34;40m:::.::.:.[0m
[0;34;40m.:.:.::.:::;::[0;30;41m8[0;35;5;41;101m@[0;37;5;41;101m8[0;1;31;91;41m8[0;31;5;40;100m8[0;31;40mt[0;34;40m::.:.;;.;%;t;:[0;31;40mtS[0;34;40m;::[0;31;40m:X[0;31;5;40;100m@[0;35;5;41;101m@[0;33;5;41;101m.[0;1;30;90;45m8[0;35;41m%[0;34;40m:;;:::.:.::.:.[0m
[0;34;40m.::.:.:..::.::[0;1;30;90;40m8[0;35;5;41;101m%[0;37;5;41;101m8[0;1;30;90;41m8[0;30;41m8[0;34;40mS[0;31;40m:[0;34;40m:::.:.:[0;32;40m:[0;34;40m:[0;31;40m;[0;34;40m:[0;31;40m.[0;1;30;90;41m@[0;35;5;41;101mt[0;1;31;91;45m8[0;1;30;90;40m8[0;31;40m.[0;34;40m::t[0;1;30;90;41mX[0;33;5;40;100m%[0;37;5;41;101m@[0;31;5;41;101m:[0;34;40mS[0;32;40m:[0;34;40m:::...:.:.:.:[0m
[0;34;40m.:.::.:::..::[0;31;40m.8[0;35;5;41;101m;[0;37;5;41;101m8[0;35;5;41;101m S[0;33;5;40;100mX[0;1;31;91;41m8[0;34;40m%[0;32;40m:[0;34;40m::.:::::[0;31;40m8[0;1;31;91;41m8[0;37;5;41;101m888[0;1;31;91;41m8[0;34;40mt[0;31;40m%[0;31;5;41;101m8[0;31;5;40;100m@[0;31;5;41;101m%[0;35;5;41;101m [0;37;5;41;101m8[0;35;5;41;101m;[0;1;30;90;40mX[0;34;40m;:.:.::.:.:.:.[0m
[0;34;40m.:.:.:.[0;31;40m;;[0;34;40m;:[0;31;40m.[0;34;40m:;%[0;31;5;40;100m8[0;1;30;90;41m8[0;35;5;40;100m8[0;35;41m@[0;31;40mX[0;1;30;90;40m@[0;34;40m::.:.:.:.:[0;31;45m8[0;35;5;41;101m.[0;1;31;91;47m@[0;37;5;41;101m88[0;35;5;41;101m.[0;1;30;90;40m8[0;34;40m%[0;1;30;90;40mX[0;31;40mS[0;1;30;90;45m8[0;35;41m8[0;1;30;90;41m8[0;30;5;40;100m@[0;34;40m::.:.:.:.::.::.[0m
[0;34;40m:.:..[0;31;40mt[0;1;30;90;41m8[0;31;5;41;101mX[0;33;5;40;100m:[0;31;5;41;101m [0;31;5;40;100mX[0;31;40m:[0;34;40m::::.[0;31;40m:[0;32;40m;[0;34;40m;::.:.:.:.:[0;32;40m:%[0;1;30;90;45m8[0;31;5;41;101m [0;1;33;93;5;41;101m@[0;1;35;95;5;41;101m@[0;31;5;40;100mX[0;31;40m;[0;34;40m::[0;31;40m:t[0;32;40mt[0;34;40m;::.:.::.:.:.::.:[0m
[0;34;40m:.:.[0;1;30;90;41mX[0;31;5;41;101mt[0;35;5;40;100m:[0;31;40m@S[0;1;30;90;40m8[0;31;5;41;101m;[0;31;5;40;100m@[0;31;40m;[0;34;40m:::::::[0;31;40m.%[0;35;41m@[0;31;40m8[0;34;40m;:.:.:;[0;1;30;90;41mX%[0;35;5;40;100m8[0;31;5;41;101m%[0;37;5;41;101m8[0;30;41m@[0;34;40m;:::::[0;31;40m:[0;34;40m:.:.:.:.:.:.:.:.[0m
[0;34;40m.:.:;[0;1;30;90;41m8X[0;34;40mt;%[0;35;5;41;101mX[0;35;41m8[0;31;40mt[0;34;40m:....[0;31;40mX[0;1;30;90;41m8[0;35;41m@8[0;1;30;90;41m8[0;34;40m;[0;32;40m:[0;34;40m::.:.[0;31;40m;[0;30;41m8[0;31;45m8[0;35;41m@[0;31;45m8[0;35;41m8[0;31;40m@[0;34;40mt[0;32;40m:[0;34;40m:::::::.:.:.:.:.:.:..[0m
[0;34;40m::.:::::.[0;32;40m;[0;1;30;90;40m8[0;31;5;41;101m8[0;1;30;90;45m8[0;1;31;91;41mS[0;1;30;90;41m@[0;35;41mX[0;1;30;90;41mS[0;31;5;41;101m8[0;1;31;91;45m8[0;35;41m8[0;1;30;90;41m8[0;31;40m;[0;34;40m:::.:.::;;[0;1;30;90;41mX[0;35;41m8[0;33;41m8[0;31;5;40;100m8[0;34;40m:::.:[0;32;40m.[0;34;40m:.:.::.:.:.::.:.:.[0m
[0;34;40m.::.::.:::;[0;31;40mt[0;30;41m8[0;31;5;40;100m8[0;30;41m@[0;1;30;90;41m@8[0;1;30;90;40m8[0;31;40m8S[0;34;40m%::.:.:.::.[0;30;41m8[0;31;45m8[0;31;5;41;101m@[0;34;40m8::.:.::.:.:.:.::.:.:.:.:.[0m
[0;34;40m:.::.:.:.::t;:t;:;t;..:.::.:..;[0;35;41m8[0;35;5;41;101m:[0;1;31;91;45m8[0;31;5;40;100m8[0;34;40m .:.:.:.:.:.::.:.:.::.:.:[0m
[0;34;40m:.:.:.:.:.:[0;32;40m:[0;34;40m::.::.:.::.:.[0;30;41m8[0;1;30;90;41m8[0;34;40m::.[0;1;30;90;41m8[0;33;5;41;101m8[0;35;5;40;100mt[0;31;5;41;101m@[0;31;5;40;100m@[0;1;30;90;41mX@S[0;31;40m8[0;34;40m;:.:.::..:.:.:.:.::.:[0m
