[0;34;40m..:...:...:...:...:...:...:...:...:.:...:...:...:...:...:...[0m
[0;34;40m.:..:..:.:..:..:.:..:..:.:.::.:.:..:..:..:...:.:..:..:.:..:.[0m
[0;34;40m..:..:..:..:.:..:..:.:..t[0;1;30;90;40m@XSXXXXS@[0;34;40m;[0;32;40m.[0;34;40m:..:.:.:..:..:.:..:..:.:[0m
[0;34;40m..:.:.:..:..:..:..:..[0;1;30;90;40mS[0;36;5;40;100m  [0;37;5;47;107m;X[0;1;37;97;47m8[0;37;5;47;107m@8[0;1;37;97;47m8[0;37;5;47;107m8[0;1;37;97;47m8[0;37;5;47;107m8[0;1;37;97;47mS[0;1;30;90;47m:%[0;37;5;40;100m8[0;34;40mt[0;31;40m.[0;34;40m:.:..:..:....:..:....[0m
[0;34;40m.:.....:..:.:..:.:..[0;1;30;90;40m8[0;37;5;40;100m8[0;37;5;47;107m8[0;1;30;90;47mt.tt88[0;1;37;97;47mS[0;1;30;90;47m%%%8;.8[0;36;5;40;100m %[0;34;40m%[0;31;40m;[0;34;40m::..:..:.:..:..:.:.[0m
[0;34;40m..:.:.:.:..:..:...:[0;32;40m.[0;35;5;40;100m [0;37;5;47;107m:[0;1;30;90;47m8[0;34;5;40;100mS[0;32;40m;[0;34;40m;[0;1;30;90;40m8[0;36;5;40;100m [0;1;37;97;47m [0;1;30;90;47m@[0;34;5;40;100mS[0;34;40m:;[0;30;5;40;100m8[0;37;5;40;100m@[0;1;30;90;47m%[0;37;5;40;100mX[0;36;5;40;100m;[0;34;40m;[0;35;5;40;100m:[0;34;40m%[0;32;40m:[0;34;40m:.:.:..:.:..:..:..[0m
[0;34;40m.:..:....:..:..:.::[0;31;40m.[0;36;5;40;100m [0;37;5;47;107m;[0;1;30;90;47mX[0;36;5;40;100m [0;1;30;90;40m@[0;34;40m.[0;34;5;40;100mX[0;1;30;90;47m8;S[0;36;5;40;100mt[0;34;40mt[0;32;40m:[0;36;5;40;100mX[0;37;5;40;100m@[0;1;30;90;47m:8[0;34;5;40;100m8[0;31;40m.[0;36;5;40;100mt[0;31;40mt[0;34;40m::..:..:...:..:.:.:[0m
[0;34;40m..:..:.:..:..:..:.:[0;32;40m.[0;36;5;40;100m.[0;37;5;47;107m8[0;1;30;90;47mXS[0;1;37;97;47m;[0;1;30;90;47mt%;tt:t88%[0;37;5;40;100m@[0;36;5;40;100mX[0;30;5;40;100m@[0;34;40m;[0;35;5;40;100m%[0;34;40mt[0;32;40m:[0;34;40m:...:..:.:..:.....[0m
[0;34;40m.:..:...:..:..:..:..%[0;30;5;40;100m8[0;34;5;40;100m8[0;36;5;40;100mt[0;37;5;40;100mS888[0;36;5;40;100m [0;1;30;90;47mX[0;36;5;40;100m [0;1;30;90;47mX[0;36;5;40;100mt[0;35;5;40;100m%[0;34;5;40;100mX[0;34;40m8[0;1;30;90;40m@[0;34;40m..[0;32;40m;[0;34;40mt[0;31;40m:[0;34;40m:.:..:..:..:..:.:.[0m
[0;34;40m..:...:..:..:..:[0;32;40m.[0;31;40m.[0;34;40m.[0;37;5;40;100m8[0;37;5;47;107mX[0;1;37;97;47m:[0;36;5;40;100m [0;1;30;90;40mX[0;34;40m%::t%;t:t.[0;32;40m.;[0;34;40m%[0;1;30;90;40mX[0;35;5;40;100mt[0;1;37;97;47m%S[0;36;5;40;100m;[0;34;40m%[0;31;40m:[0;34;40m::..:.:...:..:..[0m
[0;34;40m.:..:..:..:..:.[0;1;30;90;40mS[0;1;30;90;47m8;[0;1;37;97;47mS8.[0;1;30;90;47m%8t8[0;36;5;40;100m [0;37;5;40;100m8[0;36;5;40;100mX[0;30;5;40;100mX[0;36;5;40;100m  [0;37;5;40;100m88[0;36;5;40;100m; [0;1;30;90;47m%tt X88[0;36;5;40;100m t[0;1;30;90;40m@[0;34;40m;[0;31;40m.[0;34;40m:...:.:.:.:.:[0m
[0;34;40m..:..:..:..:.:.[0;37;5;40;100m8[0;1;37;97;47mX[0;1;30;90;47m@8[0;37;5;40;100m8[0;36;5;40;100m.[0;37;5;40;100m8[0;36;5;40;100m [0;1;30;90;47m8t:%;[0;1;37;97;47m%8[0;1;30;90;47m:[0;36;5;40;100m%.%[0;37;5;40;100mS[0;1;30;90;47mX[0;37;5;40;100mX@[0;36;5;40;100m:[0;34;5;40;100m8S[0;1;30;90;47m@:X[0;37;5;40;100mS[0;30;5;40;100m8[0;34;40m:.:.:...:.....[0m
[0;34;40m.:..:.:..:.....[0;37;5;40;100m8[0;1;30;90;47m:;t[0;34;5;40;100mS[0;34;40mt[0;36;5;40;100m:[0;1;30;90;47m8[0;37;5;47;107m@[0;1;30;90;47m :X% Sttt%;8[0;36;5;40;100m%[0;35;5;40;100mS[0;36;5;40;100mX[0;31;40m [0;30;5;40;100m8[0;1;30;90;47m8;:[0;37;5;40;100m8[0;1;30;90;40m8[0;34;40m;.:..:.:..:.:.[0m
[0;34;40m..:....:..:.::.[0;37;5;40;100m8[0;1;30;90;47mSt[0;36;5;40;100m [0;1;30;90;40m8[0;34;40mS[0;36;5;40;100m [0;1;30;90;47m;[0;36;5;40;100m [0;37;5;40;100m8[0;36;5;40;100mX[0;34;40m@[0;36;5;40;100m [0;37;5;47;107mX[0;1;30;90;47m%t%[0;1;37;97;47m.[0;1;30;90;47mS[0;37;5;40;100m@[0;1;30;90;47m@8[0;34;5;40;100mX[0;1;30;90;40m@[0;34;40m.[0;30;5;40;100m8[0;1;30;90;47m8;8[0;36;5;40;100m:[0;34;5;40;100m8[0;32;40m [0;34;40m..:....:..:..[0m
[0;34;40m...:.:..:..:...[0;36;5;40;100m;[0;37;5;40;100m8[0;1;30;90;47mS[0;37;5;40;100m@[0;34;40m8[0;1;30;90;40m8[0;36;5;40;100mt[0;34;5;40;100m8[0;1;30;90;47m:tS:X[0;36;5;40;100m.[0;1;30;90;47m@%[0;37;5;40;100m8[0;1;30;90;47m8[0;36;5;40;100mS.;[0;34;40m8[0;33;5;40;100m;[0;34;5;40;100mX[0;34;40m.[0;34;5;40;100m8[0;37;5;40;100mS8[0;1;30;90;47m8[0;36;5;40;100m [0;34;5;40;100m8[0;32;40m [0;34;40m...:.:..:..:.[0m
[0;34;40m.:..:.:..:...:.[0;34;5;40;100m8[0;1;30;90;47m@[0;1;37;97;47m [0;37;5;40;100m@[0;1;30;90;40m8[0;34;40mt[0;35;5;40;100m [0;1;30;90;47m ;;ttX[0;36;5;40;100m [0;1;30;90;47m8t;[0;36;5;40;100m.[0;1;37;97;47m [0;37;5;40;100m%[0;35;5;40;100m%[0;36;5;40;100m:;[0;35;5;40;100mS[0;32;40m [0;30;5;40;100m8[0;1;30;90;47m8.8[0;36;5;40;100mS[0;31;40m:[0;34;40m.:...:.:..:..:[0m
[0;34;40m.:...:..:.:.:.[0;32;40m.[0;30;5;40;100m@[0;36;5;40;100m.[0;1;30;90;47m:8[0;34;40m@[0;32;40m%[0;35;5;40;100m%[0;36;5;40;100m [0;1;30;90;47m8St%tt%t;t@8[0;36;5;40;100m [0;1;30;90;47m8[0;34;5;40;100mS[0;32;40m.[0;34;40m.[0;30;5;40;100m8[0;1;30;90;47m8:[0;37;5;40;100m8[0;36;5;40;100m:[0;30;5;40;100m8[0;34;40m:.:.:...:..:..[0m
[0;34;40m..:.:..:.....:.[0;34;5;40;100mX[0;1;30;90;47m@.[0;37;5;40;100m@[0;1;30;90;40m8[0;34;40m%[0;30;5;40;100m@[0;1;30;90;40m8[0;34;40m@[0;36;5;40;100m%8[0;34;5;40;100m8[0;36;5;40;100m@ [0;1;30;90;47m8@[0;1;30;90;46m8[0;36;5;40;100m;[0;34;5;40;100m88[0;34;40mX[0;1;30;90;40m88[0;34;40mt.[0;34;5;40;100m@[0;1;30;90;47m8%[0;37;5;40;100m@[0;36;5;40;100m;[0;34;40m8[0;31;40m:[0;34;40m::..:.:.:..:.[0m
[0;34;40m.:.:..:..::.:.[0;31;40m.[0;32;40m;[0;36;5;40;100m   [0;34;5;40;100m8[0;32;40m:[0;36;5;40;100m [0;1;30;90;47m [0;36;5;40;100m [0;30;5;40;100m8[0;34;40m.[0;31;40m [0;34;40m;888[0;30;5;40;100m8[0;34;40m%[0;32;40m [0;30;5;40;100m8[0;36;5;40;100m [0;37;5;40;100m8[0;1;30;90;47m.[0;36;5;40;100mt[0;34;40m.[0;30;5;40;100m@[0;36;5;40;100m t[0;34;5;40;100m8[0;34;40m;[0;31;40m:[0;34;40m:..:..:...:.:.[0m
[0;34;40m..:..:..:..:..:;tSt[0;32;40m:[0;1;30;90;40mX[0;37;5;40;100mS[0;1;37;97;47mS[0;1;30;90;47m%[0;36;5;40;100m [0;35;5;40;100m;[0;34;40m%[0;31;40m;[0;32;40m%;[0;31;40m:[0;34;40m:[0;30;5;40;100m8[0;36;5;40;100m [0;37;5;40;100m8[0;1;30;90;47m8[0;36;5;40;100m %[0;1;30;90;40m8[0;34;40m;;%;[0;31;40m:[0;32;40m:[0;34;40m::.:..:.:.:...:[0m
[0;34;40m...:..:..:..:.:[0;31;40m.[0;32;40m:[0;34;40m:[0;32;40m;[0;31;40m.[0;34;5;40;100m@[0;1;30;90;47m..[0;37;5;40;100m@[0;36;5;40;100m  :[0;34;5;40;100mX[0;30;5;40;100m8[0;34;40m:::[0;30;5;40;100m@[0;1;30;90;47mS.X[0;36;5;40;100m [0;35;5;40;100m%[0;34;5;40;100m8[0;30;5;40;100mX[0;32;40m;[0;31;40m;[0;34;40m;::..:.:.:..:..:..[0m
[0;34;40m.:.:..:...:..:.[0;37;5;40;100mS[0;30;5;40;100m8[0;34;40m.:[0;31;40m.[0;30;5;40;100m8[0;1;37;97;47m.t[0;1;30;90;47m;[0;36;5;40;100m;%[0;30;5;40;100m8[0;34;40m:.::.[0;30;5;40;100m8[0;1;37;97;47m.%[0;1;30;90;47m8[0;36;5;40;100m: [0;30;5;40;100m@8[0;34;40m%[0;32;40m:[0;31;40m.[0;32;40m.[0;34;40m:.:.:...:..:.:..[0m
[0;34;40m..:..:.:.:.:.:;[0;30;5;40;100m8[0;34;40mt[0;36;5;40;100m [0;35;5;40;100mt[0;32;40m.[0;1;30;90;40m8[0;36;5;40;100m: [0;37;5;40;100m8[0;36;5;40;100m;[0;34;5;40;100m8[0;31;40mt[0;1;30;90;40mX8[0;34;40mt[0;31;40mt[0;34;40m%[0;36;5;40;100mS[0;35;5;40;100m:[0;36;5;40;100m [0;1;30;90;47m8[0;36;5;40;100m.%[0;34;5;40;100m8[0;31;40m;[0;34;40m%[0;33;5;40;100m [0;1;37;97;47m8[0;36;5;40;100m [0;30;5;40;100m8[0;36;5;40;100m.[0;34;40m:..:.:.:.:..:.[0m
[0;34;40m...:....:.....[0;1;30;90;40mS[0;34;40mt[0;1;30;90;40m@[0;34;40m;[0;32;40mt[0;34;40m%[0;1;30;90;40mX[0;34;40mS[0;1;30;90;40m@[0;34;40mXt[0;31;40mt[0;34;40mX[0;1;30;90;40mX[0;34;40m%[0;1;30;90;40m@X[0;32;40mt[0;34;40m%[0;1;30;90;40mX[0;34;40m@SX[0;31;40mt[0;32;40mt[0;1;30;90;40m@X[0;34;40mtt[0;1;30;90;40mS[0;34;40mt[0;1;30;90;40mS[0;34;40m;[0;32;40m:[0;34;40m:.......:..:[0m
[0;34;40m.:..:.:..:.:.:.[0;32;40m:[0;34;40m:::[0;31;40m:[0;34;40m:::[0;32;40m:[0;34;40m;[0;32;40m;[0;34;40m;[0;32;40m:[0;31;40m:[0;34;40m:::[0;31;40m;[0;34;40m;[0;32;40m::[0;34;40m;;;::[0;32;40m:[0;31;40m:[0;34;40m::[0;32;40m.[0;34;40m::.:.:.:.:..:.[0m
