[0;34;40m.:.:..:.:..:...:.:..:..:.:.:...:...:...:...:.:.:..:.:.:..:..[0m
[0;34;40m.:.:.:.:.:.:.:..:.::......:.:.:.::..:.:.:.:.:...:.:....:..:.[0m
[0;34;40m..:.::..:.:.:.::..;[0;30;5;40;100m8[0;36;5;40;100m8 [0;1;30;90;47m8[0;37;5;40;100m8[0;1;30;90;47mt[0;36;5;40;100m t[0;31;40m.[0;34;40m..:..:.:.:.:.:.:..::.:.::::.::..[0m
[0;34;40m.::.:.:.:.:.:..[0;32;40m [0;34;40m;[0;36;5;40;100m@[0;1;30;90;47m@[0;36;47m@[0;1;30;90;47m8[0;1;30;90;46m88[0;36;47m8[0;1;37;97;47m [0;37;5;47;107m::X[0;1;30;90;47m8[0;34;40m:[0;32;40m.[0;34;40m::...:.:.....:...[0;32;40m:[0;34;40m.:.:..:..::[0m
[0;34;40m...:.:.:.:...%[0;1;30;90;40m@[0;34;40m@[0;36;5;40;100m@[0;34;5;40;100m8[0;34;40m@%X%[0;30;44m8[0;36;5;40;100mS[0;1;30;90;46m8[0;36;47m@[0;1;30;90;47m:[0;1;37;97;47m8[0;37;5;47;107mSS[0;1;30;90;47m;[0;36;5;40;100m [0;1;30;90;40mS[0;34;40m.::.::.::::.[0;1;30;90;40m@[0;34;40m;[0;30;5;40;100mS[0;1;37;97;47mt[0;30;5;40;100mX[0;31;40m [0;30;5;40;100mXX[0;34;40m.:.:...[0m
[0;34;40m.:.:..:.:.:.:[0;32;40m.[0;34;40m:[0;31;40m. [0;32;40m.:[0;34;40m::.:%8[0;34;5;40;100m@[0;1;30;90;46m88[0;36;47m8[0;1;30;90;47m:[0;1;37;97;47m%8S[0;1;30;90;47mX[0;36;5;40;100m :[0;30;5;40;100mX[0;31;40m;[0;34;40mt[0;32;40m:[0;34;40m..[0;31;40m.[0;1;30;90;40m88[0;34;40m:[0;1;30;90;40mX[0;34;40m:[0;30;5;40;100m@[0;34;40m:[0;1;30;90;40m8[0;36;5;40;100m  [0;1;30;90;40m8[0;34;40m;[0;32;40m:[0;34;40m:.:.[0m
[0;34;40m..:.:..:.:..::[0;32;40m.[0;34;40m:..:..[0;31;40m.[0;34;40m.[0;31;40m:[0;34;40m;X[0;36;5;40;100m%t[0;36;47m888[0;37;5;47;107m@t: ..:@[0;1;30;90;47mS[0;37;5;40;100mX[0;34;40m:.%[0;32;40mt[0;35;5;40;100m%[0;32;40m:[0;34;40m:[0;37;5;40;100mX[0;31;40m;[0;30;5;40;100m8[0;36;5;40;100m%[0;31;40m [0;34;40m;[0;31;40m;[0;34;40m;..:.[0m
[0;34;40m.:.:.::.:.:.:.:.:.:.X[0;36;5;40;100mSX%; [0;1;30;90;46m8[0;36;5;40;100m [0;36;47m8[0;36;5;40;100m:[0;34;46m8[0;36;5;40;100m@8%X[0;34;40m@[0;30;5;40;100m@[0;1;30;90;40m8[0;34;5;40;100m@[0;1;30;90;40m8[0;34;40mS[0;32;40m;[0;34;40m:[0;31;40m:[0;34;40m%[0;36;5;40;100m [0;31;5;40;100mS[0;1;33;93;47mS[0;37;5;47;107mSS[0;1;30;90;43m8[0;35;5;40;100mS[0;30;5;40;100m8[0;32;40m.[0;34;40m::.:..[0m
[0;34;40m..:.::.::.:.:.:....:[0;32;40m:[0;34;40m.:;8[0;34;5;40;100mX[0;36;5;40;100m.[0;36;47m8[0;1;37;97;47m [0;37;5;47;107m8[0;1;37;97;47m;@t%[0;37;5;47;107m8[0;37;5;40;100mS[0;34;40m:[0;32;40m:.[0;34;40m;[0;32;40m;[0;34;40m;.[0;1;30;90;40mXS[0;36;5;40;100mS[0;31;40m%[0;33;5;40;100m%[0;33;47m8[0;1;30;90;43m8[0;31;5;40;100m8[0;1;30;90;40m8[0;32;40mt[0;34;40m;..:[0;32;40m.[0;34;40m:.[0m
[0;34;40m..:.:.:.:.:..:.:::..[0;31;40m.[0;34;40m.%[0;34;5;40;100m@[0;36;5;40;100mX[0;34;5;40;100m8[0;34;40m%[0;1;30;90;44m8[0;1;37;97;47m:[0;37;5;47;107m%S[0;1;37;97;47mX[0;37;5;47;107m; :[0;1;30;90;47m [0;34;40m::.::[0;32;40m.[0;30;5;40;100m8[0;1;37;97;47m8[0;1;30;90;47mX[0;34;40m.;[0;31;5;40;100m@[0;33;5;40;100mt[0;31;40mS[0;32;40m [0;36;5;40;100mS[0;30;5;40;100m@@8[0;31;40m [0;34;40m::.:[0m
[0;34;40m.:.:.:.:.:.::.:...::[0;30;5;40;100m8[0;36;5;40;100m@%:[0;36;47m@[0;1;30;90;46m8[0;36;5;40;100m;[0;34;5;40;100m@[0;1;37;97;47mt88[0;37;5;47;107mt:. :[0;1;30;90;47m [0;1;30;90;40m8[0;34;40m:[0;32;40m:[0;34;40m;:.[0;30;5;40;100m@[0;34;40m%[0;31;40m:[0;34;40m%[0;33;5;40;100m;[0;1;30;90;41m8[0;32;40m.[0;1;30;90;40m8[0;34;40m:.::.:.:.[0m
[0;34;40m..:.:.:.:.:..:..:.;[0;30;5;40;100m8[0;1;30;90;44m8[0;36;5;40;100m@ [0;36;47m@X[0;1;30;90;47mX[0;36;47m8[0;30;44mS[0;34;40m%[0;1;30;90;46mX[0;36;47mS[0;37;5;47;107m8.::[0;1;30;90;47m;[0;34;5;40;100mS[0;1;30;90;47m.[0;1;37;97;47m:[0;36;5;40;100m:[0;30;5;40;100mXSXX[0;31;5;40;100mS[0;33;5;40;100mS;:[0;31;40m;[0;34;40m;:.:..:....[0m
[0;34;40m.:.:.::.:..::[0;32;40m.[0;34;40m:.:[0;32;40m.[0;34;5;40;100m8[0;36;5;40;100mX[0;1;30;90;47m@[0;36;47m88[0;1;36;96;47m8[0;37;46m8[0;30;44m%[0;34;40mt[0;36;5;40;100m88[0;34;40m@S[0;1;30;90;47m;[0;37;5;47;107mX:[0;1;37;97;47m:[0;34;40mS[0;36;5;40;100m8[0;1;30;90;46m8[0;36;5;40;100m;[0;37;5;47;107m@;Xtt[0;1;33;93;47m8[0;33;5;40;100mS[0;33;47mX[0;37;5;47;107m%[0;31;5;40;100m8[0;32;40m.[0;34;40m.:..:.::.:[0m
[0;34;40m..:.:.:.:.:.::.:[0;31;40m.[0;34;40m;[0;36;5;40;100m8.[0;1;36;96;47m8[0;1;30;90;47m8[0;1;36;96;47m@[0;34;45m8[0;34;40m@[0;31;40m:[0;34;40mt[0;34;5;40;100m8X[0;36;5;40;100mt[0;1;30;90;44m8[0;1;30;90;40m8[0;36;5;40;100m [0;36;47m%[0;36;5;40;100mt[0;34;40m.8[0;36;5;40;100m:[0;37;46m8[0;1;30;90;46m8[0;37;46m8[0;1;36;96;47mS[0;1;37;97;47m8[0;33;5;40;100m:[0;31;5;40;100m8[0;1;30;90;41m8[0;1;33;93;47mS[0;33;5;40;100mX[0;31;40m [0;34;40m.:..:..:.:.[0m
[0;34;40m.:.:.:.:.:.:..:.;[0;34;5;40;100m@[0;36;5;40;100m@[0;36;47m8@[0;1;36;96;47mX[0;1;37;97;47m [0;1;30;90;46m8[0;34;40mS;[0;1;30;90;40m8[0;36;5;40;100m8t;8[0;35;5;40;100m [0;1;30;90;47mS[0;36;5;40;100m8X[0;34;40m%%[0;34;5;40;100m8@[0;36;5;40;100m:[0;36;47m8[0;1;37;97;47m [0;37;5;47;107m8[0;31;40m;[0;34;40mt[0;33;5;40;100m:[0;1;30;90;41m8[0;34;40m.:.:.:.:....:[0m
[0;34;40m.:.::..::.:.:.:[0;32;40m.[0;30;5;40;100m8[0;36;5;40;100m8;[0;37;5;47;107m88t[0;1;37;97;47m8:[0;34;40m:@[0;36;5;40;100m;[0;1;30;90;47m@[0;36;47m8[0;1;36;96;47m8[0;36;5;40;100m.[0;37;5;47;107m8[0;1;37;97;47m8[0;1;30;90;46m8[0;1;30;90;47m8[0;1;30;90;44m8[0;32;40m.[0;34;40m.[0;1;30;90;44m8[0;36;5;40;100m8[0;36;44m8[0;1;37;97;47mt[0;37;5;47;107m8[0;34;40m;[0;1;30;90;40m8[0;33;5;40;100mt[0;31;40m;[0;34;40m:..:.:.:::.:.[0m
[0;34;40m.:.:.:...:..:.[0;31;40m.[0;34;40mS[0;34;5;40;100mX[0;36;5;40;100m%[0;1;37;97;47m [0;35;5;40;100m.[0;1;30;90;47mS[0;37;5;47;107m8[0;1;37;97;47mt[0;31;40m@[0;34;40m%[0;36;5;40;100m%[0;36;47m8888[0;1;34;94;46m8[0;1;37;97;47m8[0;37;5;47;107m:[0;36;47m@[0;37;46m8[0;36;47m8[0;30;44m8[0;32;40m:[0;34;40m:[0;1;30;90;44m8[0;36;5;40;100mS[0;36;47m8[0;1;30;90;47mX[0;34;40m@[0;35;5;40;100m%[0;33;5;40;100m8[0;34;40m :.:.:.:...:..[0m
[0;34;40m.:.:.::.:.:.:[0;32;40m.[0;1;30;90;40m@[0;36;5;40;100m8t[0;1;30;90;47m8[0;30;44mX[0;34;40m%[0;31;40m8[0;1;30;90;41m@[0;31;40mS[0;30;44m8[0;36;5;40;100m%.[0;1;36;96;47m@[0;36;47m8[0;1;34;94;47m@[0;36;47m8[0;1;30;90;47mX[0;37;5;47;107mt:[0;1;37;97;47mt[0;37;46m8[0;36;47mX[0;36;5;40;100m;[0;34;40m%[0;31;40m  [0;34;40m%[0;1;30;90;44m88[0;34;40m%[0;33;5;40;100m%[0;31;40m%[0;34;40m:.:.:..:.:..:.[0m
[0;34;40m.:.:..:.:..:..[0;1;30;90;44m8[0;36;5;40;100mXX[0;34;40m8::[0;32;40m.[0;34;40m:[0;36;5;40;100m8XS[0;36;47m88[0;1;34;94;47m@[0;36;47m8[0;1;30;90;46m8[0;37;5;47;107m8%%t[0;36;47m888[0;30;44m@[0;31;40m:[0;34;40m::S[0;32;40m;[0;33;5;40;100m.[0;31;5;40;100m8[0;34;40m :..:.:.:..:.:.[0m
[0;34;40m..:.::.:.::[0;32;40m.[0;34;40mt[0;34;5;40;100m@[0;36;5;40;100mS%[0;34;40mS...[0;34;5;40;100m8[0;36;5;40;100m8[0;34;5;40;100m@[0;36;5;40;100m [0;36;47m8[0;1;34;94;47m8[0;36;47m@8[0;37;46m8[0;1;37;97;47m [0;37;5;47;107m8:St[0;1;37;97;47m%[0;1;34;94;46m8[0;1;37;97;47m [0;1;30;90;46m8[0;34;40mX[0;31;40m:[0;34;40m;[0;32;40m;[0;1;30;90;40m8[0;33;5;40;100mt[0;31;40mt[0;34;40m:.:.:.:.:.:...:[0m
[0;34;40m.:.:.:..:[0;32;40m.[0;34;40m:[0;31;40m.[0;34;40m%[0;36;5;40;100mX[0;30;44m8[0;34;40m;:[0;1;30;90;40mX[0;34;5;40;100mX[0;36;5;40;100m8[0;34;5;40;100mX[0;36;5;40;100m [0;36;47m8[0;1;30;90;46m8[0;36;47m8@[0;37;46m8[0;35;5;44;104m@[0;1;37;97;47m8[0;37;5;47;107m88.[0;1;36;96;47m8[0;37;5;47;107m8:[0;1;37;97;47m@[0;1;30;90;46m8[0;1;37;97;47m [0;36;5;40;100m8[0;34;40m;:t[0;35;5;40;100m%[0;31;40mS[0;34;40m:.:...:.:.:.:.:.[0m
[0;34;40m..:.:.:.[0;31;40m.[0;34;40m.[0;32;40m..[0;31;40m..[0;32;40m;[0;34;5;40;100m8[0;36;5;40;100mX8[0;34;5;40;100m88[0;36;5;40;100mS[0;1;30;90;46m8[0;36;5;40;100m [0;1;36;96;47mX[0;1;34;94;47m@[0;36;5;40;100mX[0;1;30;90;47m8[0;37;5;47;107mt[0;1;37;97;47m8[0;37;46mX[0;37;5;47;107mS:[0;36;47mS[0;37;5;47;107m@ @[0;1;30;90;46m8[0;36;47m8[0;1;30;90;47m8[0;34;40m@.[0;30;5;40;100m@[0;31;5;40;100mX[0;32;40m.[0;34;40m:..::.:.:.:.:...[0m
[0;34;40m.:..:%[0;1;30;90;40m8[0;34;40m@[0;36;5;40;100m8[0;34;5;40;100m8S[0;36;5;40;100m8[0;34;5;40;100mXS[0;36;5;40;100m8[0;34;5;40;100m888[0;36;5;40;100m8X%[0;36;47m8[0;1;34;94;47m8[0;36;5;40;100mt[0;1;30;90;44m%[0;36;5;40;100m.[0;37;5;47;107m8[0;1;37;97;47mX[0;1;30;90;46m88[0;37;5;47;107m8%[0;36;47m@X[0;37;5;47;107m8X[0;1;37;97;47m;[0;1;30;90;46m88[0;1;30;90;47m8[0;1;30;90;44m8[0;34;5;40;100mX[0;30;5;40;100m@[0;32;40m.[0;34;40m:.:..:.:.:..::.:[0m
[0;34;40m..:.[0;32;40m.[0;34;40m;[0;32;40m;[0;31;40m: [0;34;40m ......::;%XS%t:S%%@X%SXSSX@8@t[0;32;40m. [0;34;40m.:...:.:.:.:.:.:..[0m
[0;34;40m.:.::::::.:.:.::.:.:.:.:::.:.:.:.:.::[0;31;40m:[0;34;40m:..:..:.:.:.:.:.:.:.:.[0m
